10,11,9,10,NEG
19,20,31,32,NEG
1,2,3,4,NEG	1,2,5,7,NEG	1,2,8,10,NEG	12,13,13,14,NEG
2,3,0,1,NEG
10,11,16,17,POS
0,1,3,4,POS
8,13,14,18,POS	1,3,5,6,POS
1,3,4,5,POS	1,3,8,10,POS
6,7,3,4,NEG
0,1,2,3,NEU	0,1,4,6,NEU
0,2,3,4,NEG	5,8,12,13,NEG
7,8,2,5,NEG
0,1,2,3,POS	4,5,7,8,POS
8,9,10,11,POS	13,14,14,15,POS	13,14,16,17,POS
3,6,13,14,POS
8,14,5,6,POS
4,6,12,13,POS	4,6,14,15,POS
29,30,31,32,NEG	29,30,33,34,NEG	1,2,3,4,POS	13,14,20,21,NEG
1,3,4,5,POS
1,4,6,7,POS	9,12,13,14,POS
2,3,1,2,POS
0,1,1,2,POS
0,1,1,2,POS	0,1,3,4,POS
0,1,1,2,POS	0,1,3,4,POS
1,2,7,8,POS
0,1,2,3,POS
0,1,2,4,POS
1,5,7,8,POS
5,9,15,16,POS
7,8,6,7,POS	7,8,12,13,POS	7,8,15,16,POS
10,11,12,13,POS
1,2,5,6,POS
3,4,1,2,POS	5,6,1,2,POS	9,10,1,2,POS    13,14,18,19,NEG	15,16,18,19,NEG
1,2,2,3,NEG
7,8,11,12,NEG
1,2,3,4,POS	1,2,5,6,POS
1,4,5,6,POS	1,4,8,9,POS
4,5,13,14,POS
2,3,1,2,POS 2,3,5,6,POS
1,2,3,6,POS	8,11,13,16,POS	19,20,20,22,NEG
1,2,3,4,NEG	1,2,5,6,NEG
8,9,7,8,POS
1,2,3,4,POS	9,11,8,9,POS	15,16,14,15,POS	15,16,19,21,POS
4,5,3,4,POS	4,5,12,13,POS
25,26,22,23,POS
1,2,17,18,POS	4,6,17,18,POS	7,8,17,18,POS	13,14,17,18,POS
1,2,3,4,POS
17,18,5,6,POS	17,18,7,8,POS	17,18,9,13,POS	17,18,15,16,POS
1,2,0,1,POS
6,7,5,6,POS
1,2,3,4,POS	6,7,8,9,POS	12,13,14,15,POS	19,20,18,19,POS
5,6,2,3,POS
1,2,4,5,NEG
1,2,3,4,NEG	1,2,9,10,NEG
13,14,12,13,POS	15,16,12,13,POS	18,19,12,13,POS
17,18,16,17,POS
6,9,5,6,POS
9,10,6,7,POS	9,10,8,9,POS
1,2,8,9,POS
5,6,3,4,POS
4,5,3,4,POS
1,2,3,4,POS	8,9,6,7,POS
2,3,6,7,NEG
0,1,2,3,NEG
1,2,4,5,POS	9,10,11,12,POS
0,1,2,3,POS	0,1,4,5,POS	0,1,6,7,POS
4,5,3,4,POS	4,5,7,8,POS
4,5,3,4,POS
16,17,20,21,POS	23,25,26,27,POS	0,2,6,7,POS
6,7,2,4,POS
1,2,2,6,NEU
1,2,3,4,NEG	1,2,6,8,NEG	9,10,10,13,NEG
2,4,0,1,POS	2,4,8,10,POS
6,8,4,5,POS
1,2,3,4,POS	7,8,9,10,POS	7,8,11,12,POS	7,8,14,18,POS
1,3,5,6,POS
12,14,18,19,POS	5,6,8,9,NEG
1,3,0,1,POS	4,5,6,9,POS	12,14,16,18,POS
11,12,13,14,POS	19,21,18,19,POS
3,4,1,2,POS
15,16,19,20,POS
17,18,16,17,POS	21,22,20,21,POS
14,15,13,14,POS	17,18,16,17,POS
26,27,25,26,POS
10,13,15,16,NEG
1,2,0,1,NEG	1,2,8,9,NEG
1,2,4,6,POS	7,9,10,12,POS
2,5,0,1,POS	2,5,9,11,POS
0,2,4,5,POS	0,2,6,7,POS
1,3,4,6,POS	1,3,9,10,POS
1,2,4,6,POS	8,9,7,8,POS	12,13,10,12,POS
6,7,1,2,POS	8,9,1,2,POS
1,2,4,5,POS	1,2,6,7,POS
1,3,24,25,POS
0,1,2,3,POS	0,1,4,5,POS
4,6,1,2,NEG
0,2,4,5,NEG	12,13,11,12,POS
4,5,3,4,POS
1,2,0,1,POS
14,15,13,14,POS
1,4,5,6,POS	8,9,9,10,POS	8,9,11,12,POS	15,16,16,17,POS	15,16,18,19,POS
1,2,3,5,POS
12,13,18,19,POS
3,6,0,2,POS
1,3,6,7,POS
0,1,3,4,POS	0,1,5,6,POS	0,1,7,8,POS	0,1,9,10,POS
0,1,3,4,POS
0,3,4,5,POS	6,7,8,10,POS
0,3,4,5,POS	7,8,10,11,NEG
5,7,16,17,POS
5,6,6,7,NEU
0,1,3,4,POS
0,1,4,5,POS	13,18,9,12,NEG
1,2,3,4,POS	1,2,5,6,POS	8,10,5,6,POS	8,10,21,22,POS
7,9,2,5,POS
12,15,9,10,POS	16,17,9,10,POS
5,6,4,5,POS
16,17,14,15,POS
1,2,3,4,NEU	1,2,5,7,NEU
1,2,4,5,POS	17,22,16,17,POS
7,11,3,5,POS
6,7,2,3,POS
1,2,4,5,POS
3,4,10,12,POS	5,7,10,12,POS
5,6,2,3,POS
18,19,17,18,POS
5,6,16,17,POS	19,20,21,22,POS	33,35,26,27,POS
1,2,3,4,POS
7,8,15,16,NEG
3,4,2,3,POS	5,9,2,3,POS	10,13,2,3,POS
9,10,2,3,POS	12,13,2,3,POS	15,16,2,3,POS	15,16,14,15,POS
1,6,8,9,NEG	1,6,10,11,NEG
1,3,11,12,NEU	4,6,11,12,NEU
1,2,6,7,POS
0,2,0,1,POS	0,2,3,4,POS	7,8,9,10,POS	7,8,13,14,POS
4,5,0,2,POS
1,2,3,4,POS	1,2,6,7,POS	1,2,9,10,POS
2,7,10,11,POS
1,2,0,1,POS
8,9,6,7,POS
0,1,3,4,POS	0,1,5,6,POS	0,1,7,8,POS
0,1,2,3,POS
11,12,15,16,POS
0,1,2,3,POS	0,1,7,8,POS
7,8,4,5,POS	7,8,6,7,POS
1,2,4,5,POS
5,10,17,18,NEG
0,2,3,5,POS	0,2,7,8,POS
8,9,5,6,POS	11,12,5,6,POS
1,2,3,4,NEG	6,7,14,15,POS
1,2,3,4,POS
1,2,5,6,POS	1,2,7,8,POS
4,6,0,1,POS	4,6,3,4,POS	10,14,17,18,POS
5,7,10,12,POS	5,7,13,14,POS
5,6,14,16,POS
4,5,3,4,POS	7,8,6,7,NEU
4,5,3,4,NEG	7,8,6,7,NEG	13,14,12,13,POS
9,10,8,9,POS	11,12,12,14,POS	17,18,16,17,POS
5,6,8,9,POS
14,15,13,14,POS	11,12,9,11,POS
14,15,18,19,NEG
4,6,8,9,POS
1,2,4,5,POS	1,2,6,7,POS
4,5,3,4,NEU
5,7,9,10,POS
0,1,2,3,NEG	6,7,8,9,POS
4,5,3,4,POS
0,1,2,3,POS	6,8,2,3,POS
0,1,2,3,POS	4,5,5,6,POS
1,3,5,6,NEG	8,9,10,11,NEG
0,1,3,4,NEG	6,7,8,11,NEG
13,14,17,18,POS	15,16,17,18,POS
1,4,5,6,POS
5,6,3,5,POS
4,5,2,3,POS
3,4,1,2,POS	3,4,8,9,POS	3,4,10,11,POS
1,2,3,4,POS
8,9,7,8,POS	8,9,15,17,POS
1,2,5,6,POS	3,4,5,6,POS	8,9,5,6,POS
5,6,7,9,NEG
1,2,3,4,NEG	1,2,5,7,NEG	9,10,11,12,NEU	19,21,23,24,NEG
3,4,1,3,NEG
0,1,2,7,NEG
13,14,10,13,NEG
11,12,15,17,POS	29,30,27,28,NEG
4,5,6,7,NEG	13,17,12,13,NEG
0,1,2,3,NEG
6,7,4,5,POS
2,3,0,1,NEG	2,3,8,9,NEG
0,1,5,6,POS
1,4,6,8,POS
18,19,13,14,POS
8,9,2,3,POS
12,13,11,12,POS	15,16,14,15,POS	19,20,18,19,POS
1,3,5,6,POS	1,3,14,15,POS
1,2,3,4,POS	1,2,5,6,POS
14,15,13,14,POS	18,19,17,18,POS
1,2,3,4,POS	5,6,7,9,POS	11,12,13,14,POS
1,2,3,4,POS
3,5,7,8,POS
16,19,22,23,POS
7,9,5,6,POS
6,7,4,6,POS	9,10,8,9,POS
1,2,3,4,POS
1,3,4,5,POS
1,2,3,4,POS	28,31,27,28,POS
16,17,18,19,POS	1,2,3,4,POS	1,2,5,6,POS	1,2,12,13,POS
1,2,4,5,NEG	7,11,13,14,POS
21,22,24,25,NEU	21,22,26,28,NEU	5,7,2,3,NEG
1,2,4,5,NEG
5,7,17,20,NEG
1,2,7,8,NEU
4,5,7,8,NEG
1,2,5,6,POS
1,2,3,4,POS
3,4,2,3,POS
1,2,4,5,POS
8,11,5,6,POS
1,2,4,5,POS	13,14,12,13,POS
1,2,6,7,POS
1,2,8,9,NEG
4,7,15,16,POS
0,1,2,3,NEG
0,1,2,4,NEG
1,2,0,1,POS
0,1,2,3,POS
1,2,3,4,POS
13,14,12,13,POS	16,17,15,16,POS
0,1,2,3,POS
2,3,0,2,POS	5,6,4,5,POS	8,9,7,8,POS	11,12,10,11,POS
13,14,12,13,POS
1,2,3,4,POS	1,2,5,6,POS	1,2,10,11,POS	1,2,15,16,POS
13,14,15,16,POS	7,9,3,4,POS	7,9,6,7,POS
4,5,0,2,NEG
8,9,5,6,NEG	8,9,7,8,NEG
1,2,0,1,NEG
3,4,6,7,NEG
1,2,3,4,POS	6,7,7,11,NEG
4,6,3,4,POS
8,9,7,8,POS
1,2,3,5,POS
15,16,11,12,POS
4,5,3,4,NEG
0,1,1,2,POS
1,2,5,6,NEU	3,4,5,6,NEU
1,5,0,1,POS
4,5,3,4,POS
4,5,1,2,POS	4,5,3,4,POS
1,2,3,4,POS	14,15,16,19,POS	7,8,3,4,POS	7,8,16,19,POS	10,12,3,4,POS	10,12,16,19,POS
9,10,15,16,POS	11,12,15,16,POS	14,15,15,16,POS	2,3,5,7,NEG
6,8,4,5,POS	6,8,20,21,POS	10,13,20,21,POS
4,6,3,4,POS
3,4,8,9,POS	5,6,8,9,POS
1,2,3,4,POS
1,2,3,4,POS	1,2,5,6,POS	1,2,7,8,POS
2,4,1,2,POS
8,9,7,8,POS
2,3,1,2,POS
1,2,3,4,POS
2,3,5,6,NEG
1,2,3,4,NEG	9,10,11,12,POS
0,1,2,4,NEU
9,10,10,11,NEG	9,10,14,16,NEG
7,9,13,17,NEG
0,1,2,3,POS	4,5,7,8,NEG
3,4,5,6,POS
6,7,8,9,POS
0,4,6,7,NEG
1,2,3,5,NEG	7,8,9,10,NEG	7,8,11,12,NEG
9,10,8,9,NEG
3,4,2,3,NEG
4,5,9,10,NEG
1,3,7,9,NEG
1,2,0,1,NEG	4,5,3,4,NEG	7,8,6,7,NEG	10,11,9,10,NEG
11,13,10,11,NEG	22,23,21,22,NEG
1,2,3,4,POS
8,9,5,6,NEG	8,9,13,14,NEG
1,2,3,4,NEG
3,5,11,12,NEG
10,11,9,10,POS	14,15,13,14,POS
1,2,3,4,POS
0,2,3,4,POS
3,4,1,2,POS	5,6,1,2,POS	8,9,1,2,POS
1,2,6,7,NEG	20,21,23,24,POS
2,4,0,1,POS	2,4,7,8,POS	2,4,13,14,POS
9,10,11,12,POS	14,15,16,17,POS
4,5,5,6,POS
1,2,3,4,NEG
4,6,3,4,POS	9,10,8,9,POS
1,2,3,4,POS	5,7,8,9,POS
4,5,3,4,POS
3,4,0,3,NEG
2,3,0,1,POS
0,1,3,4,POS
10,11,9,10,POS	0,2,5,6,POS
1,2,3,4,NEG	9,10,11,12,POS
1,3,4,5,POS	7,12,13,14,POS
1,2,3,4,POS	5,6,7,8,POS
5,6,2,3,NEG
4,5,3,4,NEG
1,3,10,11,NEG	1,3,13,20,NEG
1,2,3,4,POS	19,20,21,22,POS
6,7,5,6,POS
4,5,2,3,POS
14,15,11,12,NEG
3,5,1,2,POS	6,8,1,2,POS	10,12,1,2,POS	15,19,1,2,POS
8,9,10,11,POS
0,2,4,6,POS	0,2,7,9,POS
2,9,11,12,POS
0,2,3,7,POS
3,4,1,2,POS
9,10,12,13,POS
1,2,4,5,POS	12,13,16,17,POS
1,3,5,6,POS
14,15,19,20,NEG	14,15,21,22,NEG	2,4,1,2,POS
1,2,3,4,NEG
16,17,15,16,NEG	10,12,26,27,POS
0,1,4,5,POS
5,6,2,3,NEG
0,1,2,3,POS
0,1,2,3,NEU
3,4,2,3,POS
1,2,4,5,POS	19,20,22,23,POS
12,14,11,12,NEG
1,2,0,1,POS	4,5,3,4,POS	8,9,5,6,POS	8,9,7,8,POS
1,3,6,7,POS
5,6,3,4,POS
4,5,14,16,POS
1,2,3,4,POS	1,2,5,7,POS
1,2,4,5,NEG	1,2,10,11,NEG	13,15,10,11,NEG
3,4,2,3,POS	3,4,14,15,POS	7,8,6,7,POS	7,8,14,15,POS
16,17,27,28,POS	16,17,29,30,POS
12,13,9,12,POS	15,16,14,15,POS
1,2,0,1,POS
1,2,0,1,POS
3,4,6,7,POS	10,12,6,7,POS
17,19,22,23,NEU	17,19,24,26,NEU
5,7,10,11,POS	5,7,15,16,POS	18,19,21,22,POS
3,4,2,3,POS
1,2,3,4,POS
2,3,6,7,NEG
1,2,4,5,POS
1,2,3,6,POS	10,11,9,10,POS
0,1,4,5,POS
6,7,3,4,POS	13,14,12,13,POS
12,13,2,3,NEG
7,8,11,12,NEU
19,20,8,9,NEG	1,2,4,5,POS
9,10,12,13,NEG
2,5,6,7,NEG
5,6,3,5,NEG
21,22,18,19,POS
1,3,4,5,POS	13,16,10,11,POS
3,5,8,9,POS
11,12,13,14,POS	21,23,25,26,POS
3,4,10,11,POS	13,14,15,16,POS
7,8,11,12,POS
2,3,0,1,POS
10,13,8,10,POS
1,2,0,1,POS	5,6,3,5,POS	8,9,7,8,POS	12,13,11,12,POS
1,2,4,5,POS	1,2,7,8,POS	1,2,9,10,POS	25,28,24,25,POS
8,9,2,3,POS
9,10,8,9,POS
1,2,3,4,POS	6,7,8,9,POS
5,6,3,4,POS	16,21,9,10,POS	22,24,9,10,POS	25,27,9,10,POS	30,31,9,10,POS	39,41,9,10,POS
3,4,2,3,POS
3,5,0,3,POS	8,9,7,8,NEG
1,2,9,10,NEG	1,2,11,12,NEG
4,5,3,4,POS
2,3,1,2,POS
6,7,10,11,POS	6,7,12,13,POS
17,18,16,17,POS
1,2,4,5,POS	1,2,6,7,POS
0,1,3,4,POS	5,6,7,8,POS
0,2,4,5,POS	10,11,13,14,POS
7,8,4,5,POS
1,2,3,4,POS	6,7,8,9,POS	6,7,10,11,POS	6,7,13,14,POS
3,4,2,3,POS	3,4,6,8,POS
5,6,4,5,POS
1,2,3,4,POS	11,12,13,14,POS	6,7,8,9,POS
1,2,6,7,POS
4,5,9,10,POS
5,6,4,5,POS
3,4,5,6,POS
4,6,2,3,POS
1,2,3,4,NEG	11,12,10,11,NEG
6,7,5,6,NEG	9,10,8,9,NEG
4,5,6,7,NEG	4,5,15,16,NEG
1,4,6,7,POS	9,11,6,7,POS	15,16,17,18,POS
7,8,6,7,POS
4,5,6,7,POS	10,11,14,15,POS	10,11,16,17,POS
17,18,6,7,POS
3,8,11,13,NEG
1,2,3,4,NEG	1,2,5,6,NEG	7,8,9,11,NEG
1,3,0,1,POS
2,3,0,2,POS	5,7,4,5,POS
1,3,0,1,POS
10,11,13,14,POS	3,4,4,8,POS
2,3,0,1,POS
8,13,7,8,POS	4,6,3,4,POS	15,17,7,8,POS
1,2,3,4,NEG	1,2,5,6,NEG	1,2,7,8,NEG	1,2,9,10,NEG
1,3,4,5,NEG
1,2,3,4,NEG	1,2,5,6,NEG
1,2,3,4,NEG	1,2,5,6,NEG	1,2,8,9,NEG
2,3,21,22,NEG	22,23,21,22,NEG	25,26,24,25,NEG
3,4,4,6,POS
1,3,0,1,POS
1,2,5,6,POS
1,2,3,4,POS	8,10,3,4,POS	13,14,15,16,POS
4,5,3,4,POS
1,2,0,1,POS
1,4,0,1,POS
1,2,0,1,POS	4,6,3,4,POS	7,8,9,10,POS
1,2,3,4,NEG
22,23,17,18,POS
2,4,7,8,POS
1,2,3,4,POS	6,7,11,12,POS
1,3,4,8,POS	12,13,10,11,POS
0,1,2,3,NEU
1,3,4,5,NEG
1,2,3,4,NEG
10,11,12,13,NEG	10,11,14,15,NEG
3,4,0,1,POS	3,4,2,3,POS
0,1,2,3,POS	0,1,4,5,POS
1,2,3,4,POS
3,4,6,7,NEG	3,4,8,11,NEG
4,5,2,3,NEG
1,2,0,1,POS	4,6,0,1,POS
1,2,0,1,POS
3,4,6,7,POS	0,1,6,7,POS
1,2,3,4,POS
2,4,1,2,POS
2,4,0,1,POS	2,4,16,17,POS	10,12,16,17,POS
3,4,5,6,POS
1,2,3,4,POS	1,2,6,7,POS
1,4,9,10,POS	1,4,11,12,POS
1,2,3,4,POS	1,2,5,6,POS
0,1,2,3,POS	4,5,6,7,POS
10,11,18,19,POS	12,14,18,19,POS
5,6,4,5,POS
18,20,23,24,POS
1,2,3,4,POS	8,13,3,4,POS	8,13,7,8,POS	17,18,3,4,POS	17,18,16,17,POS
6,7,5,6,POS	25,27,23,24,POS	35,36,34,35,POS	38,39,37,38,POS
1,4,9,11,POS
7,8,1,5,POS
1,2,3,4,POS	24,25,17,18,POS
3,4,1,2,POS
5,6,8,9,POS
10,11,13,14,NEG	12,13,13,14,NEG
1,2,4,5,NEG
5,6,8,9,POS
1,2,3,4,POS	1,2,5,6,POS
1,2,3,4,POS
1,2,4,5,NEG	24,25,33,34,NEG
11,17,20,21,POS
1,2,3,4,POS	6,7,8,9,NEU
22,23,19,20,POS	22,23,21,22,POS	1,2,5,6,NEU
6,8,5,6,POS	2,3,1,2,POS
1,5,6,7,POS	10,12,15,16,NEG
3,5,12,13,POS
1,3,4,5,POS
3,5,2,3,POS
3,4,0,1,NEG	3,4,2,3,NEG
1,2,0,1,POS
0,1,4,5,NEG	0,1,9,10,NEG	2,3,4,5,NEG	2,3,9,10,NEG
0,1,2,3,POS	0,1,4,5,POS
1,2,3,4,NEG	9,10,35,36,NEG
0,1,3,4,NEU
4,6,2,3,POS
6,7,5,6,POS	10,11,9,10,POS
1,2,0,1,POS	7,8,6,7,POS
10,11,6,8,POS	10,11,9,10,POS
11,12,2,3,POS	11,12,6,7,POS
13,14,10,11,POS	13,14,12,13,POS	16,17,20,21,POS
1,2,3,4,NEG	1,2,10,11,NEG
1,2,0,1,POS
1,2,4,5,POS
1,4,10,11,POS
1,2,3,4,POS	10,11,12,13,POS
1,2,3,4,POS
1,2,4,5,POS
8,9,10,12,NEG	15,16,19,20,POS	1,5,0,1,NEG
0,1,3,4,NEG
22,23,25,26,POS
13,14,16,17,POS
1,3,4,5,POS	14,15,12,14,POS
12,15,11,12,POS	12,15,17,18,POS
1,2,0,1,POS
0,2,4,6,POS
4,5,3,4,POS
1,2,0,1,POS
10,12,20,23,POS
3,4,2,3,POS
2,3,1,2,POS	5,6,4,5,POS	11,12,10,11,POS
1,3,4,5,POS	7,8,9,10,POS
7,8,11,12,POS	15,16,4,5,POS
2,3,0,2,POS
0,1,3,4,NEU
3,4,1,2,NEG
1,5,6,7,NEG	11,13,6,7,NEG
11,12,14,15,NEG
4,5,2,3,POS
7,9,4,5,POS
4,6,2,3,POS	11,16,2,3,POS
5,6,12,13,NEG
6,7,5,6,POS
3,4,0,1,POS	3,4,2,3,POS
6,9,13,14,POS	17,18,13,14,POS	17,18,15,17,POS
1,2,3,4,POS	1,2,5,6,POS	1,2,7,8,POS	11,12,13,14,POS	11,12,15,16,POS
3,4,10,11,POS
14,15,12,13,POS	2,3,4,7,POS
1,2,3,4,POS	1,2,5,6,POS	8,9,11,12,POS	17,19,16,17,POS
1,2,0,1,POS
1,2,0,1,POS
8,10,7,8,POS
1,2,3,4,POS
2,3,6,7,POS	4,5,6,7,POS	9,10,12,18,NEG	11,12,12,18,NEG
1,3,0,1,POS
3,5,2,3,POS
1,3,0,1,POS	1,3,5,6,POS
1,2,3,5,NEG	7,8,9,10,NEG	7,8,12,13,NEG
0,1,2,3,POS	0,1,15,16,POS
2,6,0,2,NEG
0,1,5,6,POS	11,12,9,10,POS
0,1,3,4,NEG
1,3,0,1,POS
0,1,3,4,POS
6,7,3,4,POS	6,7,5,6,POS
0,1,3,4,POS
2,4,1,2,POS
0,3,4,5,POS	0,3,6,7,POS
1,2,4,5,NEG
1,2,4,5,NEG	12,13,14,15,NEG	17,20,21,22,NEG	27,30,37,38,NEG
1,2,0,1,POS	4,5,7,8,POS	10,11,12,13,POS
1,2,3,4,POS	6,7,5,6,POS	10,11,8,10,POS
6,7,5,6,POS	9,10,12,13,POS	14,15,16,17,POS
2,3,5,6,POS
4,6,1,2,POS
6,11,2,3,POS	6,11,5,6,POS
1,2,0,1,POS	3,4,0,1,POS	5,6,0,1,POS	9,10,8,9,POS
0,1,12,13,POS
7,9,6,7,POS
6,7,5,6,POS	9,10,8,9,POS	13,14,16,17,POS
1,2,3,4,POS
0,3,4,5,POS
1,3,0,1,POS
4,6,17,18,POS
5,6,4,5,POS	7,8,4,5,POS
6,7,4,5,POS
0,1,3,4,POS	0,1,5,6,POS
9,10,11,12,POS
0,1,3,4,POS
1,2,0,1,POS	7,8,4,5,POS	7,8,6,7,POS
1,2,4,5,POS	1,2,6,7,POS
1,2,3,4,NEG
1,2,3,4,NEG	8,9,11,12,POS
4,6,8,12,POS
1,2,5,6,POS	1,2,7,10,POS
1,2,0,1,POS
6,21,3,4,POS
1,2,4,5,POS
12,15,17,18,POS	12,15,19,20,POS
4,6,2,4,POS
0,2,4,5,POS
2,4,8,10,POS
2,6,7,8,POS
2,4,1,2,POS
2,3,1,2,POS	4,5,7,8,POS
2,3,1,2,POS
0,5,6,7,POS
1,2,0,1,POS	18,19,17,18,POS	18,19,20,21,POS	24,25,23,24,POS
19,20,16,17,NEG	24,25,26,27,NEG	24,25,30,31,NEG
1,2,3,4,NEU
4,5,3,4,POS	8,9,7,8,POS	0,2,3,4,POS
6,7,10,11,NEG
3,4,2,3,NEG
7,8,6,7,NEG
10,11,9,10,NEU
3,4,17,18,POS
3,4,6,7,POS	3,4,8,9,POS	3,4,11,12,POS
1,2,4,5,POS	1,2,6,7,POS	8,9,10,11,POS	13,14,15,16,POS
1,2,3,4,POS
0,2,4,5,POS
11,13,3,4,NEG
6,8,5,6,NEG
2,3,0,1,POS	6,7,11,12,POS	17,18,15,16,POS
8,12,15,16,POS
1,3,6,7,NEG
4,5,3,4,POS	6,7,7,8,POS	10,11,9,10,POS	1,2,0,1,POS
10,11,9,10,POS
3,4,2,3,POS
1,2,10,11,POS
1,3,4,5,POS	1,3,6,7,POS
2,3,0,1,POS
24,26,23,24,POS	18,20,17,18,POS	29,32,28,29,POS	36,38,41,43,POS
3,4,1,2,POS
10,11,6,10,POS
9,10,8,9,POS
6,8,0,1,POS	9,11,0,1,POS	12,14,0,1,POS
3,4,1,2,POS
1,2,0,1,POS
1,2,3,4,POS	6,7,13,14,POS	10,11,13,14,POS	16,18,19,20,POS
1,2,4,5,NEG
5,8,3,4,NEG
1,2,0,1,POS
2,3,1,2,POS
17,18,16,17,POS
1,2,0,1,POS	5,6,9,10,NEG
9,10,8,9,POS
1,2,0,1,POS
6,7,4,5,POS
0,1,6,7,NEG
2,3,0,1,POS
7,8,3,4,POS
1,2,0,1,POS	5,7,9,10,POS
1,2,3,4,POS	6,7,8,9,POS	11,15,16,17,POS
1,2,0,1,POS
1,2,0,1,POS
1,2,3,4,NEG	26,28,25,26,POS
2,3,1,2,POS
3,5,1,2,POS
6,7,3,4,POS
0,1,2,3,NEU	0,1,4,6,NEU
12,13,10,12,NEU
3,4,6,7,NEG	3,4,9,11,NEG
5,6,7,8,NEG	5,6,9,11,NEG
3,4,1,2,POS
1,2,3,4,POS	1,2,5,6,POS
3,6,10,11,POS
1,2,7,8,POS	4,5,7,8,POS
1,3,4,6,POS	1,3,13,14,POS
2,3,1,2,NEG	12,13,15,16,NEG	18,19,20,24,NEG	25,26,35,38,NEG
5,6,2,4,NEG
1,2,4,5,POS
1,3,0,1,NEG	5,6,4,5,NEU
0,1,2,4,NEG
1,2,3,4,POS	7,8,3,4,POS	13,16,17,18,NEG
0,3,5,6,POS
1,2,0,1,POS
2,3,1,2,POS	8,9,11,12,POS	14,15,16,17,POS	14,15,18,19,POS	14,15,20,21,POS
1,8,9,10,POS
1,2,0,1,NEG
8,9,7,8,NEG
17,18,15,16,NEG
1,2,3,4,POS	6,7,8,9,POS	6,7,10,11,POS
15,17,11,12,POS
1,2,4,5,POS
5,6,2,3,POS	5,6,4,5,POS
1,6,0,1,POS
1,2,0,1,POS
0,1,3,4,POS
0,1,3,4,POS
1,4,5,6,POS
1,2,3,4,POS
0,1,4,5,POS	9,12,4,5,POS
4,8,1,2,NEG
10,14,7,8,NEG
3,4,2,3,POS	11,12,10,11,POS
1,3,0,1,POS
11,12,10,11,POS
7,8,4,5,POS	24,26,20,21,POS	27,28,20,21,POS	36,37,34,36,POS
3,7,8,9,POS
1,2,0,1,POS
1,2,3,4,POS
1,2,4,6,POS
1,2,4,5,POS
7,8,2,3,POS	19,20,18,19,NEG
6,9,11,13,POS
4,5,1,2,POS	7,8,6,7,POS	11,12,10,11,POS	16,17,15,16,POS
0,1,2,3,POS
0,1,1,2,NEG	0,1,3,4,NEG	6,7,5,6,NEG
1,3,4,5,NEG
6,8,9,10,NEG
1,3,4,5,POS	8,9,10,13,NEG
3,5,6,7,POS
2,3,13,16,POS	8,9,13,16,POS
6,8,10,11,POS	18,19,20,23,NEG
12,13,4,5,NEU
13,14,12,13,POS
1,2,3,6,POS	1,2,18,19,POS
1,2,3,4,NEU	1,2,5,6,NEU
3,4,7,8,POS
1,2,0,1,POS	3,4,0,1,POS
7,8,11,12,POS	9,10,11,12,POS
5,6,8,9,POS
10,11,12,13,POS
2,3,0,2,POS	8,9,4,5,POS	8,9,7,8,POS
3,5,0,2,POS
2,5,9,10,POS
4,16,3,4,POS
5,8,9,10,POS
8,9,11,12,POS
25,26,23,25,NEG
2,3,6,8,POS	25,27,24,25,NEG
1,2,0,1,POS
1,2,3,4,POS	1,2,5,6,POS	1,2,7,9,POS
1,2,3,4,POS	1,2,5,6,POS
0,1,3,4,POS
2,3,0,2,POS
3,4,2,3,POS	6,11,13,14,POS	6,11,15,16,POS
18,19,15,17,POS	1,3,8,9,POS	5,7,8,9,POS
4,7,3,4,POS	13,16,12,13,POS
1,2,4,5,POS
1,2,0,1,POS
1,2,0,1,NEG
1,2,0,1,POS
1,2,4,5,NEG	21,24,20,21,NEG
11,14,9,11,POS	3,4,2,3,NEG
0,3,5,6,POS
4,5,3,4,NEU	8,12,7,8,POS
1,3,5,6,POS	10,11,23,24,NEG	10,11,26,27,NEG	30,32,23,24,NEG	30,32,26,27,NEG
18,19,25,26,NEG	18,19,29,30,NEG
6,7,2,3,NEG	6,7,5,6,NEG
11,12,14,15,NEG
5,6,4,5,POS
13,14,9,10,POS	13,14,12,13,POS
6,7,3,6,POS	10,11,8,10,POS
1,2,0,1,POS	4,6,3,4,POS	8,9,7,8,POS	12,13,11,12,POS
0,3,4,6,POS
4,5,3,4,POS
1,3,0,1,POS
1,3,4,5,POS
1,2,0,1,POS
2,3,5,6,NEG
1,2,0,1,POS
8,9,11,14,NEG
1,2,0,1,POS
4,7,3,4,POS
7,8,10,11,NEG
3,4,5,7,NEG	9,10,10,13,POS
1,3,0,1,POS
1,2,3,4,POS	1,2,6,8,POS
1,2,3,4,POS	9,10,14,15,POS
1,2,3,4,POS
1,2,4,6,POS
13,14,12,13,POS
3,4,6,7,POS
1,2,5,6,POS
3,4,5,6,NEG	3,4,7,8,NEG
0,1,2,3,NEU	0,1,4,6,NEU
0,1,3,4,NEG
6,7,8,9,NEG
1,2,4,5,NEU
6,7,12,13,NEG
10,11,12,13,NEG
0,1,3,4,NEG
8,11,14,15,NEG
1,2,3,4,POS
1,2,4,5,POS
6,7,11,12,NEG
1,2,3,4,NEG
42,43,41,42,NEG
21,22,23,24,NEG
5,6,11,12,NEG
4,5,11,12,NEG
11,15,16,17,NEG
1,3,10,11,NEG	1,3,14,15,NEG
3,8,12,13,POS
6,7,3,4,POS	14,17,19,20,NEG
3,5,6,7,POS
0,1,1,4,NEG
1,3,0,1,POS
0,1,2,3,POS
3,5,2,3,POS	3,5,10,11,POS
1,3,4,5,POS	1,3,8,9,POS
15,16,12,13,POS	4,5,12,14,POS
0,1,4,5,POS
8,9,5,6,NEG	10,11,5,6,NEG
38,39,52,53,NEG	15,17,7,8,NEG
24,25,12,13,NEG
10,15,17,18,POS	4,7,3,4,POS
1,2,3,4,POS	6,7,16,17,POS
3,6,2,3,POS
1,2,3,4,NEU	7,9,9,15,NEG
11,13,1,2,NEG
3,5,2,3,NEG
13,14,11,13,NEG
1,3,11,12,POS	5,8,11,12,POS
7,10,1,2,POS	2,4,6,7,POS
2,3,0,1,POS
2,6,1,2,NEU
4,6,2,3,POS
4,5,3,4,POS
5,8,4,5,POS	5,8,26,27,POS
11,12,10,11,NEU	25,26,24,25,POS
27,29,25,26,POS
6,9,5,6,POS
6,10,11,12,NEU	6,10,14,15,NEU	17,26,29,30,POS
43,44,39,40,POS
11,12,10,11,NEG
1,3,0,1,POS
5,6,7,11,NEU
1,2,3,4,POS	6,7,8,9,POS	21,22,23,24,POS	12,13,16,17,POS	15,16,16,17,POS
9,11,8,9,POS	12,14,8,9,POS	15,18,8,9,POS
1,2,4,5,POS
1,3,6,7,POS
5,6,4,5,NEG	30,32,34,35,NEG	30,32,36,37,NEG
3,5,10,13,NEG
1,2,5,7,NEG	1,2,8,10,NEG	1,2,11,12,NEG
1,2,0,1,POS
1,2,3,4,POS	1,2,5,6,POS	9,11,12,14,NEG
8,9,6,8,POS
1,2,3,4,POS
1,2,2,5,NEU	1,2,7,12,NEU
12,13,8,9,POS
1,2,8,9,NEG
2,3,3,4,NEG	17,18,21,22,POS
2,3,6,7,POS
5,6,4,5,POS	9,10,8,9,POS	20,22,19,20,POS
8,9,3,4,NEG
6,7,10,11,NEG
12,13,11,12,NEG
26,27,28,29,NEG	26,27,31,32,NEG	26,27,35,36,NEG
10,11,7,8,NEG
25,26,22,23,POS	27,28,22,23,POS
1,2,4,5,NEG
2,4,0,2,POS
4,5,3,4,POS
1,2,4,6,POS	7,8,9,11,POS
2,3,1,2,NEG
10,11,9,10,POS	13,14,12,13,POS	15,16,12,13,POS	18,20,24,25,POS
5,6,4,5,POS
1,2,7,8,NEU	22,23,21,22,NEG
1,3,0,1,POS
2,3,5,6,POS
1,2,0,1,POS
14,15,18,19,POS	7,11,32,33,NEG	42,44,41,42,POS
21,25,18,19,NEG
3,4,1,2,NEG
6,7,3,4,NEG
3,4,42,43,NEG
14,15,12,14,NEG
1,2,5,6,POS	3,4,5,6,POS	9,10,12,13,NEG	9,10,14,15,NEG
8,11,7,8,POS
1,2,0,1,POS
4,6,9,10,POS
0,4,6,7,POS
1,2,3,4,POS	6,7,9,10,POS
2,4,5,6,POS
1,2,0,1,POS
4,6,2,3,POS
1,2,0,1,POS
1,2,0,1,NEG	3,4,0,1,NEG
5,8,2,3,NEG
1,2,3,4,NEG
8,9,6,7,NEG
1,2,4,5,NEU	1,2,7,9,NEU
1,2,3,4,NEG	6,7,8,9,NEG	6,7,10,11,NEG
1,2,3,5,NEG
1,2,3,4,NEG
18,19,19,20,NEG
8,9,7,8,NEG	11,13,10,11,NEG
1,2,0,1,NEG
4,5,2,3,POS
1,2,3,4,POS
4,5,6,7,POS
2,3,4,5,NEG
