2,3,5,6,POS
13,14,12,13,POS	15,16,12,13,POS	18,19,12,13,POS
7,8,9,10,POS
6,8,5,6,POS	11,12,9,10,POS
22,23,19,20,POS	22,23,21,22,POS
1,3,0,1,POS	4,5,0,1,POS	9,11,8,9,POS
1,2,0,1,POS	4,5,3,4,POS	7,8,6,7,POS
1,2,8,9,NEU
1,2,0,1,POS
11,12,2,3,POS	11,12,6,7,POS
5,8,3,4,NEG
21,42,17,18,POS	18,19,17,18,POS
1,2,2,4,POS
24,25,9,10,NEG	13,14,9,10,NEU
3,12,1,2,POS	3,12,14,15,POS
0,1,4,5,NEG
1,2,0,1,POS	5,6,4,5,POS	8,9,7,8,POS
3,5,0,3,POS	8,9,7,8,NEG
15,16,12,13,POS	4,5,12,14,POS
22,23,20,21,POS	24,25,20,21,POS
2,3,5,6,POS
14,15,13,14,NEG	14,15,19,20,NEG
1,5,0,1,POS
19,20,18,19,NEG
1,3,0,1,POS
1,2,4,5,NEU
1,5,8,9,POS	1,5,10,11,POS	6,7,8,9,POS	6,7,10,11,POS
1,2,3,5,POS	1,2,6,7,POS
4,5,3,4,POS
4,5,11,12,NEG
0,1,3,4,POS
1,2,4,5,POS	9,10,8,9,POS
3,7,9,10,POS
7,8,6,7,POS	10,11,9,10,POS	13,14,12,13,POS	16,17,15,16,POS
2,4,8,10,POS
8,9,4,6,NEU
3,4,7,8,POS
17,18,16,17,POS
3,5,12,13,POS
1,2,3,4,POS
4,5,9,10,POS
1,2,5,7,NEG	1,2,8,10,NEG	1,2,11,12,NEG
14,15,12,13,POS	20,22,20,21,POS
1,2,4,5,POS
13,14,17,18,POS	15,16,17,18,POS
1,2,4,5,POS
4,5,6,7,NEG	4,5,12,13,NEG	4,5,16,17,NEG
1,3,0,1,POS	8,9,7,8,POS
13,15,11,12,NEG	13,15,19,20,NEG	8,9,7,8,POS	20,21,19,20,NEG	27,28,35,36,NEU	33,34,35,36,NEU
5,6,8,9,POS
3,4,2,3,POS	5,9,2,3,POS	10,13,2,3,POS
9,10,6,7,POS	9,10,8,9,POS
4,5,5,6,POS	9,10,13,14,POS	9,10,17,18,POS	9,10,19,20,POS
3,5,1,2,POS
2,3,4,5,POS	12,13,14,15,NEG
24,25,21,22,POS	24,25,23,24,POS	17,18,16,17,NEU	28,29,27,28,POS
0,1,3,4,POS
10,11,9,10,POS
4,6,1,2,POS
1,5,6,7,NEU	9,12,9,10,NEU
1,2,3,4,POS	6,7,8,9,POS	12,13,14,15,POS	19,20,18,19,POS
1,2,4,5,POS	1,2,6,7,POS	1,2,8,9,POS
1,2,4,5,POS	1,2,6,7,POS	1,2,8,9,POS
1,3,0,1,NEU	5,6,4,5,NEU	8,10,7,8,NEU	12,14,11,12,NEU	16,18,15,16,NEU
1,2,3,4,NEG
3,6,0,2,POS
1,2,4,6,POS
1,2,0,1,POS
4,5,3,4,POS
4,5,12,13,NEU	14,15,12,13,NEG
31,32,30,31,POS
20,21,19,20,NEG
1,2,3,4,POS
6,7,5,6,POS
4,6,3,4,POS	8,11,3,4,POS
5,6,16,17,POS	19,20,21,22,POS	33,35,26,27,POS
2,4,1,2,POS
12,13,11,12,POS
1,2,3,4,NEU	7,8,10,11,NEG
4,5,3,4,NEU
1,2,4,5,NEG
6,7,5,6,POS	18,19,20,21,POS
7,8,9,10,NEU
1,3,24,25,POS
8,9,7,8,POS
1,2,21,23,NEG	25,26,24,25,POS	3,5,21,23,NEU
5,7,9,10,POS
6,7,5,6,POS
1,2,0,1,NEG	4,5,3,4,NEG	7,8,6,7,NEG	10,11,9,10,NEG
4,5,0,2,NEG
4,6,2,4,NEG
4,5,3,4,NEG	19,21,13,15,POS
5,7,9,10,POS
1,2,0,1,POS
1,2,4,5,NEG
5,7,10,12,POS	5,7,13,14,POS	10,11,11,12,POS	10,11,13,14,POS
9,10,8,9,POS
2,3,6,7,POS
3,6,1,2,POS	3,6,10,11,POS	11,12,10,11,POS
17,18,15,16,POS
0,1,3,4,POS	0,1,5,6,POS
1,2,4,6,POS	5,6,4,5,POS
0,1,3,4,POS	0,1,5,6,POS	0,1,7,8,POS	0,1,9,10,POS
1,2,4,5,POS	10,11,9,10,POS
12,13,13,14,POS
5,6,14,15,POS	5,6,22,23,POS
1,2,3,5,POS	1,2,9,10,POS
6,8,4,6,POS
0,1,2,3,POS	5,6,4,5,POS
4,5,3,4,POS
5,6,7,8,POS
1,2,6,7,NEG	16,17,15,16,NEG
1,2,3,4,NEG	11,12,10,11,NEG
1,2,5,6,NEG	1,2,7,8,NEG	10,12,14,16,NEG
1,3,9,10,POS	4,7,9,10,POS
1,2,4,6,POS	13,14,16,17,POS
17,18,16,17,POS	21,22,20,21,POS
9,11,7,9,POS	3,5,2,3,POS
5,6,4,5,POS
4,6,2,3,POS
0,1,3,4,NEG	6,7,8,11,NEG
18,19,17,18,POS	22,23,21,22,POS
1,4,8,9,NEG
1,2,7,8,POS
0,3,4,5,POS	6,7,8,9,POS	12,13,8,9,POS	14,15,8,9,POS	16,17,8,9,POS	18,19,8,9,POS	20,21,8,9,POS
1,3,4,6,NEG	11,12,14,15,NEG
12,13,10,11,NEG	14,15,10,11,NEG
2,3,1,2,POS	5,6,4,5,POS	11,12,10,11,POS
9,10,2,3,POS	12,13,2,3,POS	15,16,2,3,POS	15,16,14,15,POS
9,10,12,13,NEG
7,9,5,6,POS
4,5,3,4,POS
0,1,3,4,POS	16,17,8,9,POS	13,14,8,9,NEG
2,5,9,10,NEG
16,17,14,15,POS
1,2,4,5,NEG
6,7,5,6,POS
1,8,9,10,POS
1,3,4,6,POS	1,3,9,10,POS
6,7,5,6,NEG	9,10,8,9,NEG
0,1,2,3,POS
3,4,5,6,POS
2,3,12,14,POS	2,3,16,17,POS	5,6,12,14,POS	5,6,16,17,POS	8,9,12,14,POS	8,9,16,17,POS
4,9,3,4,NEU
7,9,16,18,NEG
0,4,5,6,POS	0,4,8,9,POS
0,1,2,3,POS	0,1,5,7,POS	10,11,15,16,POS
1,2,5,6,NEG	8,9,11,12,NEG	8,9,13,14,NEG	16,17,19,20,POS
2,3,4,7,POS
1,2,0,1,POS
3,4,8,9,NEG
4,5,2,3,POS	9,10,2,3,POS
0,1,2,3,POS	4,5,5,6,POS
1,2,4,5,POS	1,2,9,10,POS	1,2,11,12,POS
1,2,3,4,NEU	5,7,3,4,NEU	8,9,3,4,NEU	10,11,3,4,NEU	12,13,3,4,NEU
5,6,2,3,POS	5,6,4,5,POS
5,6,3,4,POS
0,1,13,14,POS
14,15,13,14,POS	22,23,25,26,NEG
4,7,3,4,POS
1,2,6,7,POS
6,7,5,6,POS
2,3,0,1,POS
3,4,6,7,POS
7,11,3,5,POS
0,1,2,3,NEU
4,5,3,4,POS
1,5,6,7,NEG	11,13,6,7,NEG
1,2,3,4,NEG	1,2,5,8,NEG
1,2,3,4,POS	11,12,9,10,POS
3,4,8,10,POS
18,20,16,17,POS	10,11,7,8,POS
16,17,25,26,POS	18,19,25,26,POS
4,5,6,7,NEG	4,5,15,16,NEG
1,4,10,11,POS
1,2,0,1,NEG
1,3,4,5,POS
1,2,0,1,POS
1,2,3,4,POS	7,8,3,4,POS	12,15,3,4,POS
0,1,3,4,POS	10,14,7,8,POS
8,9,5,6,NEG	8,9,13,14,NEG
1,2,4,5,POS	7,8,10,11,POS	16,18,15,16,POS
1,4,6,7,POS	9,11,6,7,POS	15,16,17,18,POS
1,2,3,4,POS
18,19,19,20,NEG
1,3,0,1,POS
3,6,0,1,POS	8,9,0,1,POS
10,11,13,14,POS
2,3,4,5,POS
2,3,12,13,POS
1,3,4,6,POS	1,3,13,14,POS
1,4,9,10,POS	1,4,11,12,POS
1,2,3,4,POS	1,2,5,6,POS	1,2,7,8,POS	11,12,13,14,POS	11,12,15,16,POS
1,2,3,4,POS	8,9,6,7,POS
3,4,2,3,POS	8,9,10,12,NEG
23,24,22,23,POS
16,17,18,19,POS	1,2,3,4,POS	1,2,5,6,POS	1,2,12,13,POS
1,2,3,4,POS	1,2,5,6,POS
14,15,16,17,POS	22,23,20,21,POS
1,2,3,4,POS	6,7,8,9,POS	11,15,16,17,POS
1,2,4,5,POS
3,4,1,2,POS
10,15,8,9,POS
1,2,0,1,POS
3,4,5,6,NEG	38,39,36,38,NEG
2,3,1,2,POS
18,19,16,17,POS
3,4,7,8,POS
4,6,3,4,POS	1,2,0,1,NEG
3,4,2,3,POS
9,10,8,9,POS	12,13,11,12,POS
8,10,12,14,NEG	2,3,13,14,NEG
8,9,6,7,POS	8,9,10,11,POS
1,2,3,5,NEG	7,8,9,10,NEG	14,15,13,14,NEG
6,7,2,4,POS
3,4,6,7,POS	3,4,8,9,POS	3,4,11,12,POS
5,6,4,5,POS	7,8,4,5,POS	10,11,4,5,POS
1,2,3,4,POS
1,2,4,5,POS	1,2,8,9,POS	12,13,14,15,POS	26,27,28,29,POS
1,3,0,1,POS
0,1,4,5,POS	0,1,6,7,POS
8,11,4,5,POS	8,11,6,8,POS
4,5,3,4,POS	7,8,6,7,POS
1,2,4,5,NEG
0,2,4,5,POS
1,2,3,5,POS
23,24,22,23,POS
1,2,3,4,POS
2,3,1,2,POS	4,5,7,8,POS
0,1,2,3,POS	0,1,4,5,POS
1,4,6,7,POS	1,4,8,9,POS
1,2,0,1,POS	5,6,9,10,NEG
6,10,11,12,NEU	6,10,14,15,NEU	17,26,29,30,POS
1,2,6,7,POS	1,2,8,9,POS
8,9,4,5,NEU
1,3,7,8,POS	5,6,7,8,POS	12,18,11,12,POS	24,25,21,22,POS
0,4,6,7,POS
1,2,4,5,POS
1,6,0,1,POS
1,2,5,6,NEG	9,10,11,12,POS	24,25,28,29,POS	16,19,15,16,POS
0,1,2,3,POS	4,5,7,8,NEG
5,7,3,4,POS	8,10,3,4,POS	11,13,3,4,POS	14,15,3,4,POS	17,19,3,4,POS
0,1,3,4,POS	0,1,5,6,POS	0,1,7,8,POS
9,10,12,14,NEG	16,17,18,19,NEG	22,23,24,26,NEG
2,3,4,5,POS	2,3,6,7,POS
1,2,0,1,POS	6,7,4,5,POS
2,3,5,6,NEU	8,9,5,6,POS
1,2,3,4,POS
10,11,12,13,NEG	10,11,14,15,NEG
0,1,1,2,POS	0,1,3,4,POS
5,6,1,2,NEG
2,3,1,2,POS
1,2,7,8,NEG
1,2,4,5,POS
0,1,2,3,POS	0,1,4,5,POS
5,6,11,12,NEG
2,4,17,18,POS	8,12,17,18,POS	22,23,17,18,POS	24,26,17,18,POS
3,5,2,3,POS
8,9,1,6,POS
5,6,8,9,POS
8,9,6,8,NEG	11,12,10,11,NEG	14,16,21,22,NEG
4,6,2,3,POS	8,11,2,3,POS	31,40,29,30,POS
1,2,4,5,NEG	1,2,10,11,NEG	13,15,10,11,NEG
6,7,5,6,POS	9,11,13,14,NEG
1,2,3,4,POS	7,8,9,10,POS	7,8,11,12,POS
2,3,1,2,POS
11,14,7,8,NEU
6,7,5,6,POS	9,10,11,12,POS
3,5,0,3,NEG	3,5,7,8,NEG
3,4,8,9,POS	5,6,8,9,POS
23,24,26,27,NEG
3,4,5,6,POS	8,9,11,12,POS
1,3,4,5,POS	1,3,6,7,POS	1,3,13,14,POS
3,4,2,3,POS
7,8,12,13,NEG
3,4,5,6,POS
4,6,1,2,NEG
1,2,4,5,POS	1,2,10,11,POS	13,15,10,11,NEG
1,2,3,4,POS	5,6,7,8,POS	11,13,13,14,POS
1,2,0,1,POS
7,9,6,7,POS	16,17,13,14,POS	18,19,13,14,POS	21,22,13,14,POS	23,24,13,14,POS
1,2,3,6,POS	8,11,13,16,POS	19,20,20,22,NEG
1,2,3,4,POS
11,12,14,15,NEG
3,4,6,7,POS	10,12,6,7,POS
8,9,7,8,POS	6,7,5,6,POS
1,2,3,4,POS	9,12,8,9,POS	14,15,13,14,POS
1,2,15,16,POS	7,8,5,6,POS	18,19,20,21,POS
17,18,16,17,POS	20,21,19,20,POS	25,26,24,25,POS
1,2,3,4,POS
1,2,3,4,NEG
5,6,16,17,POS	5,6,18,19,POS
1,2,4,5,NEG	7,10,13,15,NEG
0,1,2,7,NEG
1,2,3,4,POS
1,4,0,1,POS
1,3,4,5,POS	7,12,13,14,POS
1,2,4,5,POS	1,2,7,8,POS
5,7,4,5,POS
1,2,6,7,POS
1,2,3,4,POS	9,10,3,4,POS
1,2,3,4,POS
1,2,3,4,POS	1,2,5,6,POS	12,13,11,12,POS
3,4,0,3,POS	3,4,4,5,POS
3,5,2,3,NEG
4,5,3,4,NEG
4,5,6,7,NEG	4,5,9,10,NEG
6,7,4,5,POS
14,16,20,21,POS	14,16,22,23,POS	14,16,24,25,POS
1,2,0,1,POS	18,19,17,18,POS	18,19,20,21,POS	24,25,23,24,POS
1,2,4,5,POS	15,16,17,18,POS
1,2,3,4,NEG
3,5,2,3,POS	6,8,2,3,POS	9,10,2,3,POS	11,12,2,3,POS
9,11,14,15,POS
3,5,0,2,POS
6,8,15,16,POS	10,11,15,16,NEU
1,3,6,7,NEG
3,4,2,3,POS	8,9,7,8,POS	13,14,12,13,POS
1,2,3,6,POS	10,11,9,10,POS
6,7,5,6,POS
7,8,6,7,POS	3,4,6,7,POS
1,2,5,6,POS	1,2,11,12,POS
1,4,19,20,NEU	8,12,7,8,POS
6,8,5,6,POS	2,3,1,2,POS
1,4,0,1,POS	6,7,0,1,POS
8,9,7,8,POS	11,12,7,8,POS
4,5,3,4,POS	7,10,12,13,POS
1,2,0,1,POS
1,2,0,1,POS	4,5,3,4,NEG
4,5,5,6,NEG
3,4,5,6,POS
8,9,5,6,NEG	8,9,7,8,NEG
6,7,1,2,NEU
1,2,3,4,NEG	1,2,10,11,NEG
10,11,12,13,POS
1,3,0,1,POS
6,9,5,6,POS
2,3,4,5,POS
17,18,15,16,POS
1,2,0,1,POS	5,6,3,4,POS	8,9,7,8,POS	12,13,11,12,POS
1,2,0,1,POS	4,5,3,4,POS	7,8,6,7,POS	13,14,10,11,POS
4,5,9,12,NEG
4,5,3,4,POS	4,5,10,11,POS
1,2,4,5,POS	1,2,6,7,POS
9,10,15,16,POS	11,12,15,16,POS	14,15,15,16,POS	2,3,5,7,NEG
7,8,6,7,POS
2,3,1,2,POS	4,7,1,2,POS	8,9,1,2,POS	10,13,1,2,POS	16,17,1,2,POS
1,4,0,1,POS
1,2,4,5,POS	7,8,9,10,POS
0,1,2,3,POS	0,1,15,16,POS
0,1,2,3,NEG
4,6,7,8,NEG
1,2,15,16,POS	3,4,15,16,POS
2,5,1,2,POS
10,11,9,10,POS	14,15,13,14,POS
1,2,0,1,POS	4,6,0,1,POS
3,4,4,8,POS	10,11,13,14,POS	14,15,13,14,POS
25,26,22,23,POS	27,28,22,23,POS
4,5,1,3,NEG
4,5,5,6,POS	27,28,25,26,POS
1,2,0,1,POS
4,5,3,4,NEG	12,13,9,10,POS	15,16,9,10,POS
1,2,4,5,POS	1,2,6,7,POS
1,2,4,5,POS	7,8,9,10,POS
14,15,13,14,POS	18,19,17,18,POS
43,44,39,40,POS
1,2,3,7,NEG	9,10,11,12,NEG
1,3,0,2,POS	8,9,7,8,POS
1,3,4,5,POS
1,3,5,6,POS	10,11,23,24,NEG	10,11,26,27,NEG	30,32,23,24,NEG	30,32,26,27,NEG
2,3,0,2,NEU
6,7,7,11,NEG
1,2,4,5,NEG
1,2,3,4,POS	1,2,5,6,POS	1,2,9,10,POS
18,19,6,10,POS
2,3,25,26,NEU
23,28,19,20,POS
1,2,4,5,POS	11,12,8,9,POS	11,12,10,11,POS
12,14,11,12,NEG
3,4,2,3,POS	6,11,13,14,POS	6,11,15,16,POS
2,3,1,2,POS
15,16,19,20,POS	23,24,21,23,POS
18,19,14,15,POS	18,19,17,18,POS
17,18,16,17,POS
1,2,0,1,POS
6,7,3,4,NEG
11,12,10,11,POS
7,8,11,12,NEU
8,10,7,8,POS	20,22,19,20,POS
1,2,3,4,POS
0,1,3,4,POS
4,5,2,3,NEG
0,1,2,3,NEU	0,1,4,5,NEU
3,5,1,2,POS
1,2,3,4,POS	1,2,5,6,POS
1,2,4,6,NEG	1,2,7,8,NEG	10,11,12,13,POS
1,3,0,1,POS	5,6,7,8,POS
9,10,15,17,POS
16,21,9,10,POS	22,24,9,10,POS	25,27,9,10,POS	5,6,3,4,POS	30,31,9,10,POS	35,36,9,10,POS	39,41,9,10,POS
1,2,0,1,POS
2,3,7,8,NEG
20,21,19,20,POS	26,27,23,24,POS	26,27,25,26,POS	15,18,12,14,POS
13,14,16,17,POS
6,7,2,4,NEU
3,4,7,8,POS	15,16,12,13,POS	21,22,29,30,POS	21,22,31,32,POS
8,9,2,3,POS
0,1,3,4,POS
0,1,2,3,POS	0,1,7,8,POS
1,2,3,4,POS	1,2,6,8,POS	7,8,6,7,POS
1,2,3,4,POS	1,2,5,6,POS
1,2,4,5,POS	1,2,7,8,POS
8,9,11,12,POS
1,3,7,9,NEG
14,16,11,12,POS	17,18,11,12,POS
10,11,12,13,NEG
1,2,3,4,NEG
6,9,5,6,POS	13,15,11,12,POS	12,13,11,12,POS
1,2,3,4,NEU	6,7,9,10,NEU
2,3,3,4,NEG	17,18,21,22,POS
2,4,1,2,POS
11,12,3,4,NEG
1,2,8,9,NEG
1,4,6,7,POS	9,12,13,14,POS	16,17,15,16,POS
1,3,5,6,POS	1,3,7,8,POS	8,9,7,8,POS	12,13,11,12,POS	15,16,14,15,POS
3,5,2,3,POS
13,14,16,17,NEG
1,2,3,4,POS
7,9,6,7,POS
3,5,7,8,NEU
1,5,6,7,POS	10,12,15,16,NEG
1,3,4,5,POS	8,9,11,12,POS	8,9,13,14,POS
0,1,3,4,POS	0,1,7,8,POS	2,3,3,4,POS	2,3,7,8,POS
1,2,3,4,POS	7,9,11,12,POS	7,9,13,14,POS
1,2,4,5,POS
6,7,9,10,NEG
25,26,24,25,POS
7,8,9,10,POS	11,12,13,14,POS	17,19,15,16,POS	25,27,23,24,POS	29,31,23,24,POS
1,2,3,4,POS	6,7,8,9,POS
7,8,4,5,POS	7,8,6,7,POS
7,8,6,7,POS	11,12,10,11,POS
0,1,4,5,POS	2,3,4,5,POS
10,11,9,10,POS	14,17,12,13,POS
2,3,0,1,POS	4,6,0,1,POS
1,2,0,1,NEG
1,2,3,4,POS	6,7,8,9,POS
1,2,4,5,NEU
16,17,20,21,POS	23,25,26,27,POS	0,2,6,7,POS
1,2,5,6,POS	3,4,5,6,POS	7,8,5,6,POS
0,1,3,4,NEG
2,3,4,6,POS
1,2,3,4,NEG	9,10,10,13,NEG
0,1,2,4,NEU
10,12,5,6,POS	10,12,9,10,POS	15,16,5,6,POS	15,16,9,10,POS
1,2,5,6,POS
1,2,3,4,POS	6,7,8,9,POS	6,7,10,11,POS
1,2,3,4,POS
1,2,3,4,POS	15,17,13,14,POS
1,2,3,4,POS	7,8,6,7,POS
1,2,3,4,POS	1,2,7,8,POS	1,2,10,11,POS	1,2,12,13,POS
1,2,0,1,POS
1,3,0,1,POS
7,8,1,2,POS
1,3,4,5,POS
4,5,3,4,POS
1,2,4,5,POS	14,16,13,14,POS
1,2,3,5,POS
7,8,4,7,NEU
3,4,1,2,NEG
1,2,5,6,NEU	3,4,5,6,NEU	8,9,11,13,POS
5,6,3,5,NEU
1,2,4,5,POS	1,2,6,7,POS
10,11,8,10,POS
1,2,6,7,POS	7,10,6,7,POS	11,12,14,15,POS
0,1,1,2,POS	0,1,3,4,POS
2,3,8,9,NEU	5,6,8,9,POS
6,7,8,9,POS
14,15,13,14,POS
1,2,4,5,POS	1,2,6,7,POS	8,9,10,11,POS	13,14,15,16,POS
2,4,1,2,POS
1,2,4,6,POS
0,2,4,5,NEG	12,13,11,12,POS
1,2,3,4,POS	1,2,5,6,POS	16,17,18,19,POS
8,11,5,6,POS
2,3,1,2,POS
3,5,1,2,POS
3,4,1,2,POS
2,5,0,2,NEG
6,7,8,9,POS	19,20,25,26,POS	22,23,25,26,NEU
0,1,2,3,POS	14,15,9,10,POS	14,15,12,13,POS
14,15,12,13,POS	2,3,4,7,POS
6,8,10,11,POS	6,8,12,13,POS	6,8,14,15,POS
1,3,0,1,POS
4,5,30,31,POS
31,32,30,31,POS	35,36,34,35,POS	37,38,34,35,POS
1,3,5,6,NEU
15,17,12,13,NEG
1,2,3,4,POS
22,23,29,30,NEG
1,2,3,4,POS	6,7,8,9,POS	6,7,10,11,POS	6,7,13,14,POS
1,3,4,5,POS
4,5,3,4,POS	4,5,7,8,POS
9,11,8,9,POS	19,20,18,19,POS
16,17,18,19,POS	1,2,4,5,POS	1,2,7,10,POS
13,14,21,22,NEU
1,2,0,1,POS	5,6,3,5,POS	8,9,7,8,POS	12,13,11,12,POS
22,23,19,20,POS	22,23,21,22,POS	1,2,5,6,NEU
3,4,1,2,POS
1,2,0,1,POS
6,7,5,6,POS	8,9,5,6,POS	11,12,5,6,POS
10,13,8,9,NEU	14,17,8,9,NEU	18,20,8,9,NEU	29,31,8,9,NEU	3,5,8,9,NEU	21,28,8,9,NEU
8,9,7,8,NEG	11,12,10,11,NEG
1,2,0,1,POS	4,5,3,4,POS
1,2,10,11,NEG	17,18,16,17,NEG	22,23,30,31,NEG	22,23,32,33,NEG	43,44,39,40,NEG
0,1,2,7,NEG	12,14,6,7,NEG
1,2,3,4,POS	6,7,8,9,NEG
9,10,5,6,POS
4,7,2,3,POS	4,7,11,12,POS
1,3,4,5,POS	13,16,10,11,POS
7,8,3,4,POS
17,18,15,16,POS	20,21,15,16,POS
2,3,1,2,NEG
1,2,0,1,POS	4,5,3,4,POS	7,9,6,7,POS
5,6,13,15,POS	5,6,16,17,POS	10,11,9,10,POS
1,2,3,4,POS	9,12,5,6,NEG
1,2,5,6,POS	1,2,7,8,POS
6,7,1,2,POS	8,9,1,2,POS
5,7,1,2,POS	9,11,1,2,POS	15,18,14,15,POS	2,3,1,2,POS
1,2,3,4,POS	14,15,16,19,POS	7,8,3,4,POS	7,8,16,19,POS	10,12,3,4,POS	10,12,16,19,POS
2,5,0,1,POS	2,5,9,11,POS
5,6,7,9,NEU	5,6,10,11,NEU
1,2,3,4,NEU
8,9,7,8,POS	10,11,7,8,POS	5,6,4,5,POS
8,9,6,7,POS
13,14,12,13,POS
2,3,6,7,POS	4,5,6,7,POS	9,10,12,13,POS	15,16,17,18,POS
11,15,10,11,NEG
9,10,8,9,POS
5,7,4,5,NEG
4,5,1,2,POS	4,5,3,4,POS
2,4,7,8,NEG
1,2,4,5,POS
4,5,3,4,POS	7,8,10,11,NEG
3,5,2,3,POS
22,23,25,26,NEG
2,3,4,6,NEG	8,9,10,11,NEG
5,6,4,5,POS
2,3,4,5,POS	2,3,6,7,POS	10,11,12,13,POS
1,2,17,18,POS	4,6,17,18,POS	7,8,17,18,POS	13,14,17,18,POS
3,4,2,3,POS
8,9,7,8,POS
5,6,11,12,POS
0,1,2,6,NEU
4,5,9,10,POS
6,7,4,5,POS
1,3,4,5,POS
10,12,19,20,NEG
5,6,3,5,NEG
3,6,13,14,POS	19,22,23,24,POS
6,7,2,4,POS
0,1,3,4,POS
6,8,4,5,NEG	9,12,4,5,NEG	13,15,4,5,NEG
6,7,10,11,NEG
1,3,0,1,POS	8,9,0,1,NEU
1,2,4,5,POS
10,11,15,16,POS
1,2,4,5,POS	1,2,8,9,POS
4,5,2,3,POS
3,4,1,2,POS	6,8,1,2,POS	11,12,15,16,POS
3,4,8,9,POS	5,6,8,9,POS	7,8,8,9,POS
0,1,2,3,NEG
1,2,3,4,POS	6,7,11,12,POS
0,1,3,4,NEG
11,12,13,14,NEU	18,19,16,18,POS
0,2,3,4,POS
4,5,3,4,POS
12,13,2,3,NEG
5,7,1,2,POS	9,12,1,2,POS
1,4,11,12,NEG	8,9,11,12,NEU
1,3,4,5,POS	10,12,8,9,POS
1,2,5,6,POS	1,2,9,10,POS	3,4,5,6,POS	3,4,9,10,POS	13,15,16,17,POS
4,5,9,10,POS
1,2,0,1,POS	4,5,7,8,POS
5,6,8,9,POS
3,4,0,1,POS
12,13,11,12,NEU	14,15,11,12,NEG
8,9,7,8,POS
4,5,10,11,NEU
1,2,14,15,POS	1,2,16,17,POS
1,3,4,6,POS	1,3,7,11,POS
3,4,2,3,POS
7,8,2,5,NEG	11,12,13,17,NEU
1,2,4,5,POS	9,10,11,12,POS
15,16,4,5,POS	15,16,6,7,POS
12,13,11,12,POS	1,2,0,1,POS
8,9,1,2,NEG	28,29,20,25,NEG
10,11,6,8,POS	10,11,9,10,POS
1,2,3,5,NEG	1,2,7,10,NEG	1,2,12,13,NEG	4,5,3,4,NEG	7,8,9,10,NEG
11,12,10,11,POS
1,2,3,4,POS	7,10,12,13,POS
1,2,3,4,POS	1,2,5,6,POS	1,2,9,10,POS
14,16,13,14,POS
1,2,3,4,POS	6,7,16,17,POS
12,13,9,10,POS	15,16,9,10,POS
6,7,3,4,NEG
18,19,17,18,NEG
10,11,8,9,NEG	12,13,8,9,NEG	16,18,14,16,NEG	21,22,19,21,NEG	37,38,39,40,POS	45,46,44,45,POS
18,19,21,22,POS	24,25,26,27,POS
13,14,16,17,POS	3,4,9,10,NEG
9,10,13,14,POS	11,12,13,14,POS
3,6,7,13,POS
1,2,5,6,POS	15,17,14,15,POS	4,5,5,6,POS
4,5,2,3,POS	13,14,12,13,NEG	15,16,17,20,NEG	22,23,21,22,NEG
4,6,8,9,POS	4,6,14,15,POS
1,5,7,8,POS
10,11,7,8,NEG
8,14,5,6,NEU
9,10,11,12,POS	18,19,16,17,POS
11,14,17,20,POS
18,19,20,21,POS	18,19,22,23,POS
1,2,4,5,POS	1,2,6,8,POS	1,2,11,12,POS	1,2,16,17,POS
3,8,11,13,NEG
12,14,18,19,POS	5,6,8,9,NEG
0,1,2,4,NEG
2,3,5,6,NEG
14,15,12,14,POS
3,7,8,9,POS
4,5,6,7,NEU
1,2,3,5,NEG
1,2,5,6,NEG	1,2,11,12,NEG
4,5,3,4,POS	15,16,14,15,NEG
1,2,3,5,NEG	7,8,10,11,NEG
2,4,0,1,POS
4,5,8,14,NEU
1,2,4,5,POS	5,6,4,5,POS
1,2,3,4,POS
3,4,7,8,NEG
9,10,10,14,NEU
0,1,4,6,POS
12,13,9,10,NEG
6,7,2,3,NEG	6,7,5,6,NEG
2,3,0,2,POS
2,4,1,2,NEG
13,14,12,13,POS	16,17,15,16,POS	18,19,15,16,POS	32,33,31,32,NEU
6,7,2,4,POS
8,10,5,6,POS	8,10,7,8,POS
1,2,5,6,POS
17,18,15,16,NEG
10,11,12,13,POS
13,14,15,16,NEG	21,22,19,21,NEU
1,2,3,4,POS	18,19,6,8,POS
3,4,0,1,POS	8,9,5,8,NEU	11,12,10,11,POS
11,16,4,5,NEG	11,16,18,21,NEG
19,20,13,14,NEG	23,24,13,14,NEG
1,2,3,4,NEG	1,2,5,6,NEG	1,2,7,8,NEG	1,2,9,10,NEG
8,9,9,10,NEG
1,2,0,1,NEG
9,10,10,11,POS
8,9,7,8,POS	11,12,16,17,POS
5,7,4,5,POS
2,3,1,2,NEG
8,9,10,12,NEG	15,16,19,20,POS	1,5,0,1,NEG
6,7,5,6,POS
1,2,3,4,NEG	1,2,10,11,NEG
1,2,4,6,POS	7,8,9,11,POS
0,1,3,4,POS	6,7,8,12,POS
2,3,0,1,POS
5,6,3,4,POS	16,21,9,10,POS	22,24,9,10,POS	25,27,9,10,POS	30,31,9,10,POS	39,41,9,10,POS
11,12,10,11,POS	14,15,13,14,POS	17,18,16,17,POS
1,2,5,6,NEG	8,9,13,14,NEG
3,4,1,2,POS
9,13,13,14,POS	16,17,18,19,POS
1,2,0,1,NEG	4,5,3,4,NEG
3,4,6,7,POS
12,13,14,15,POS
1,2,0,1,POS	3,4,0,1,POS
6,7,2,3,POS	12,13,2,3,NEU	15,16,2,3,NEU
12,13,19,20,NEG	20,21,19,20,NEU
9,11,11,12,NEG
0,3,4,5,POS	7,8,10,11,NEG
12,16,10,11,POS
1,3,4,5,POS	1,3,6,7,POS
1,2,4,5,POS	19,20,22,23,POS
1,3,6,7,POS
4,5,7,8,POS	9,10,14,15,NEG
1,2,3,4,NEU
1,3,5,6,POS
1,2,3,4,POS	1,2,6,7,POS
8,9,5,6,POS	8,9,7,8,POS	16,18,5,6,POS	16,18,7,8,POS
5,6,1,5,POS	5,6,9,10,POS
1,2,3,4,POS
1,2,4,5,POS	1,2,6,7,POS	15,16,14,15,POS
18,19,20,21,POS
4,5,5,6,POS
1,2,4,5,POS
1,2,3,4,NEG
25,26,24,25,NEG
0,1,2,4,NEG	5,6,6,7,POS
4,5,13,14,POS	6,7,13,14,POS	9,11,13,14,POS	16,17,13,14,POS
5,7,3,4,POS
5,6,6,7,NEG
6,7,8,9,POS	11,12,12,13,POS	15,16,23,24,POS	18,19,23,24,POS	20,21,23,24,POS
4,5,8,14,NEG
11,12,13,14,POS	19,21,18,19,POS
3,4,8,9,POS	5,6,8,9,POS
7,8,1,2,NEG	19,21,24,26,NEU
14,17,13,14,POS
1,2,3,4,NEU
1,2,3,4,POS	7,8,6,7,POS
6,8,5,6,POS
2,3,4,5,NEG
1,3,4,5,NEG
1,2,4,5,POS	8,9,10,11,POS
23,24,33,34,POS
1,2,0,1,POS
1,2,3,4,NEG	8,9,11,12,POS
4,5,3,4,POS
1,2,7,8,POS	19,32,13,14,POS
8,9,7,8,NEG
14,16,13,14,POS	17,18,13,14,POS
1,2,2,5,NEG
5,7,1,2,POS	5,7,8,9,POS
1,2,3,4,NEG	1,2,5,6,NEG
5,6,8,9,NEG
1,2,4,5,NEG	21,24,20,21,NEG
2,5,0,1,NEU	2,5,18,19,NEU	19,20,18,19,POS
11,14,19,20,NEG
11,12,10,11,POS
14,15,19,20,NEG	14,15,21,22,NEG
1,2,4,5,NEG	1,2,21,22,NEG	8,10,4,5,NEG	12,13,4,5,NEG	27,28,26,27,NEG
7,9,4,5,POS
3,5,7,8,POS
25,26,27,28,NEG
3,4,2,3,POS
10,11,9,10,POS	0,2,5,6,POS
1,2,3,4,POS	20,22,17,18,POS	20,22,19,20,POS
1,2,3,4,POS	1,2,5,7,POS
1,2,7,8,NEG	1,2,9,10,NEG
0,1,9,10,POS
10,11,12,13,NEU
2,3,0,1,NEG
0,1,2,3,POS	5,6,13,14,POS
1,5,6,8,NEG
2,4,6,7,POS
10,11,13,14,POS
1,2,0,1,POS	4,5,3,4,POS
6,7,3,4,POS
4,5,9,10,NEG
1,2,3,4,POS	1,2,5,6,POS	1,2,7,9,POS
1,3,4,5,POS	1,3,8,10,POS
5,6,4,5,POS	9,10,8,9,POS	20,22,19,20,POS
7,9,13,15,POS	7,9,17,18,POS	14,15,13,14,POS
1,3,5,6,POS	1,3,8,11,POS
11,12,13,14,POS
18,19,28,29,POS	24,25,28,29,POS
1,2,9,10,POS	3,5,9,10,POS	6,7,9,10,POS
13,14,10,11,NEU
1,2,4,5,POS	1,2,10,11,POS	13,15,10,11,NEG
1,2,4,5,NEU
1,3,0,1,POS
13,14,12,13,POS
1,4,5,6,POS
1,2,3,4,NEG
0,1,2,3,POS
6,7,2,3,NEU
15,16,14,15,POS
4,5,3,4,POS	4,5,7,8,POS
23,24,22,23,POS
1,2,4,5,POS
3,4,1,2,NEG
9,10,7,8,POS
1,4,5,6,POS
6,8,5,6,NEG
1,2,4,5,NEG
15,16,12,15,NEU
3,4,0,1,POS	5,6,0,1,POS	8,10,0,1,POS
3,4,2,3,POS	3,4,6,8,POS
9,10,8,9,POS	16,17,15,16,POS	18,19,15,16,POS
1,2,2,6,NEU
1,2,5,6,POS
0,1,2,3,POS
1,2,3,4,POS	5,6,7,8,POS
19,20,16,17,NEG	24,25,26,27,NEG	24,25,30,31,NEG
1,3,5,6,POS
6,9,15,16,POS
1,2,3,4,POS	6,7,9,10,POS
3,5,6,7,POS
5,7,4,5,POS	9,10,11,14,POS
16,17,15,16,POS	19,20,18,19,POS
0,3,4,5,POS	6,7,8,10,POS
2,3,4,5,POS
1,2,4,5,NEG
14,15,13,14,NEU
1,2,4,5,POS	1,2,7,8,POS	9,10,14,15,NEG
4,5,8,11,POS
7,8,10,11,NEG
5,7,1,2,POS
5,6,23,24,POS	17,18,23,24,NEG
1,2,3,4,POS
0,1,2,3,POS	12,15,5,9,POS
7,8,8,9,NEG	1,3,4,5,NEU	10,11,8,9,NEG
1,3,5,6,POS	22,26,21,22,POS
6,7,3,5,NEG
3,4,1,2,POS
11,13,10,11,NEG	22,23,21,22,NEG
1,2,2,5,NEU	1,2,7,12,NEU
17,18,19,20,POS
8,9,6,7,POS
1,3,0,1,POS
4,8,0,2,NEG
26,27,25,26,POS
3,4,2,3,NEG
1,4,6,7,POS	1,4,8,9,POS
0,1,3,4,POS
2,3,0,1,POS	21,22,17,18,POS	21,22,19,21,POS	5,15,17,18,POS	5,15,19,20,POS
14,15,13,14,POS
4,5,7,9,NEU	15,16,11,12,NEU
0,1,2,3,POS
0,1,2,4,NEG
0,1,2,4,NEG
1,2,6,7,POS
5,6,4,5,POS
16,17,13,14,POS	16,17,15,16,POS	21,22,19,21,POS	40,41,39,40,POS	30,31,27,29,POS	32,34,27,29,POS
4,6,2,3,POS
6,7,5,6,POS
0,1,3,4,POS
3,4,10,11,POS
1,2,4,5,NEG
5,6,4,5,POS
4,5,3,4,POS	7,8,6,7,POS
4,6,17,18,POS
1,2,3,4,POS	8,13,3,4,POS	8,13,7,8,POS	17,18,3,4,POS	17,18,16,17,POS
17,18,15,16,POS	19,22,15,16,POS	23,27,15,16,POS
1,2,0,1,POS	3,4,0,1,POS	5,6,0,1,POS	9,10,8,9,POS
6,7,0,1,NEU
14,15,11,12,NEG
11,12,10,11,POS
1,2,3,4,POS	11,12,8,10,POS
1,2,3,4,POS	4,5,3,4,POS
1,2,0,1,POS	4,5,3,4,POS
36,37,34,36,POS	23,24,22,23,POS
3,4,17,18,POS
3,4,5,6,POS	11,12,9,11,POS
6,9,5,6,POS
8,9,5,6,POS	8,9,10,11,POS
1,2,4,5,POS
6,7,5,6,NEG	11,12,10,11,NEG	15,16,5,6,NEG
14,15,13,14,POS	14,15,18,19,POS
10,11,9,10,NEU
1,2,3,4,NEU
1,2,3,4,POS	6,7,9,10,POS
8,11,7,8,POS
19,21,16,17,POS
1,2,7,8,POS	4,5,7,8,POS	10,11,13,14,POS	10,11,15,16,POS
2,3,1,2,POS	8,9,11,12,POS	14,15,16,17,POS	14,15,18,19,POS	14,15,20,21,POS
4,5,1,2,POS	4,5,3,4,POS
1,2,3,4,NEG	10,11,11,12,NEG	5,6,6,7,NEG
5,6,7,8,POS
1,2,3,4,POS	10,11,12,13,POS
7,8,10,11,POS	15,16,20,21,NEU
5,6,4,5,POS	1,2,18,19,POS
5,6,8,9,POS	11,12,13,16,POS	28,30,27,28,POS
11,12,10,11,POS	8,9,7,8,NEU
18,19,15,16,POS
2,3,4,5,POS
2,3,0,1,NEG
1,2,4,5,POS
4,5,3,4,POS	7,8,6,7,POS
5,10,2,3,POS	13,14,15,16,POS
1,2,2,3,NEG
2,4,5,6,POS
1,3,0,1,POS
6,7,2,3,NEG
11,14,9,11,POS	3,4,2,3,NEG
3,4,1,2,POS
8,9,17,18,POS
1,3,4,5,POS	7,8,9,10,POS
1,2,0,1,NEG
7,8,3,4,POS	12,13,18,20,POS	9,10,3,4,POS
1,3,3,5,NEG	7,8,9,10,NEG	4,5,3,4,NEG
0,1,3,4,NEU	0,1,7,9,NEU
9,10,6,7,NEG	12,13,14,15,NEG
13,14,9,10,POS	13,14,12,13,POS
1,2,0,1,NEG	1,2,8,9,NEG
1,2,0,1,POS
1,2,3,5,NEG
13,14,2,3,NEU
4,6,8,12,POS
3,5,6,7,POS
4,5,3,4,POS
17,18,16,17,NEG
4,5,7,8,NEG
2,6,0,2,NEG
7,9,5,7,POS
21,22,18,21,POS
8,9,6,7,NEG	26,27,29,31,NEG	15,16,10,12,NEU	12,13,10,12,NEG	35,36,29,31,NEU	18,19,10,12,NEU
1,3,4,5,POS
4,5,3,4,POS	10,12,0,1,NEG
2,9,11,12,POS
1,2,0,1,POS
1,2,5,6,POS	3,4,5,6,POS	8,9,10,11,POS
5,6,7,8,POS	15,16,11,12,NEG
1,2,4,5,POS	1,2,6,7,POS
8,10,5,6,POS
8,10,6,7,POS
1,2,3,4,POS	6,7,9,10,POS
8,9,11,12,POS	17,18,20,21,POS
1,2,0,1,POS
1,3,0,1,POS
8,9,3,4,POS	8,9,5,6,POS	11,12,10,11,POS
0,1,2,3,POS	0,1,4,5,POS	6,8,9,10,POS	15,16,17,18,POS	15,16,19,20,POS	12,13,11,12,POS
1,2,3,4,POS
1,2,5,6,POS
12,13,16,17,POS	21,22,20,21,POS	27,28,29,31,POS
3,7,10,11,NEU
0,1,3,4,NEG	7,9,11,12,NEG	4,5,3,4,NEU	19,20,16,17,NEG
3,4,5,6,POS	8,9,11,12,POS
0,1,5,6,NEG	2,3,5,6,NEG
6,7,5,6,POS	9,10,8,9,POS	13,14,16,17,POS
1,2,3,4,POS
1,2,3,4,POS
1,2,6,7,POS	15,16,13,14,POS
1,2,3,4,POS
6,7,3,5,POS
1,2,3,4,POS	7,8,9,10,POS
23,24,22,23,NEG	9,10,8,9,NEG
18,19,21,22,POS
5,6,4,5,POS
0,1,2,3,POS	0,1,4,5,POS
1,3,5,6,POS
10,11,12,13,POS
4,6,9,13,POS
2,3,4,5,POS
1,3,4,5,POS
2,4,0,1,POS	2,4,8,9,POS	2,4,10,11,POS
8,9,11,12,POS
1,2,2,3,POS	1,2,4,5,POS
6,8,10,11,POS
13,14,15,16,NEG
9,10,8,9,NEG
3,5,8,9,POS
6,7,4,5,POS
0,1,2,3,POS	0,1,4,5,POS
12,13,11,12,NEG
3,4,2,3,POS	9,10,7,8,POS
3,4,2,3,POS	8,10,2,3,POS	5,6,2,3,POS
3,4,1,2,POS	8,9,10,14,NEG
5,6,7,8,NEU
0,1,3,4,POS	19,21,37,38,NEG	32,33,28,29,NEG
0,1,3,4,NEG
0,3,4,5,POS	0,3,7,8,POS
4,5,3,4,POS
2,4,1,2,POS
3,4,2,3,POS
5,6,1,5,NEU	5,6,14,15,NEU
11,12,10,11,POS
3,5,7,8,POS
7,9,2,5,POS
3,4,2,3,POS	10,11,12,15,POS	17,18,19,20,POS	17,18,21,22,POS
2,3,13,16,POS	8,9,13,16,POS
3,4,1,2,POS	5,6,1,2,POS	9,10,1,2,POS	13,14,18,19,NEG	15,16,18,19,NEG
3,4,2,3,NEG
1,3,5,6,POS	16,17,22,23,POS
1,2,3,4,POS
3,4,5,6,NEG
3,4,0,1,NEG	3,4,2,3,NEG
1,2,4,5,POS
1,2,3,4,POS	1,2,5,7,POS	6,7,5,6,POS
6,7,5,6,POS	8,12,5,6,POS	13,18,16,17,POS	21,25,27,31,POS
3,5,8,9,POS
3,5,5,6,NEG
7,8,5,6,POS
0,2,4,5,POS	20,21,19,20,NEG	23,25,27,28,NEG	30,32,39,41,NEG	34,35,39,41,NEG
1,2,5,6,POS	1,2,7,10,POS
1,2,4,5,POS
1,2,4,5,POS
9,10,15,16,NEG
5,6,4,5,POS
1,2,0,1,POS	5,6,4,5,POS
7,9,3,4,POS	7,9,6,7,POS	13,14,15,16,POS
0,3,5,6,POS
1,2,5,6,POS	3,4,5,6,POS
9,10,8,9,POS
1,2,3,4,POS	19,20,21,22,POS
1,2,3,4,POS	6,7,3,4,POS	27,28,21,25,NEG
1,2,4,5,POS	1,2,6,8,POS	10,11,11,12,POS
4,6,11,12,POS	4,6,13,14,POS
1,3,4,5,POS
17,20,21,22,NEG
0,1,3,4,NEU
1,4,5,6,POS	1,4,9,10,POS
1,2,3,4,POS
1,3,0,1,POS
27,28,24,26,POS	14,16,13,14,POS
8,10,3,5,POS	8,10,6,8,POS
1,2,3,4,NEG	1,2,5,6,NEG
6,7,5,6,POS	8,10,5,6,POS
1,2,3,4,POS	6,8,5,6,POS	6,8,10,11,POS
1,2,3,4,POS
1,2,3,4,POS	5,6,7,9,POS	11,12,13,14,POS
1,2,4,5,POS	7,8,9,10,POS
12,13,8,9,POS
2,3,1,2,POS
2,3,1,2,POS
7,8,8,12,NEU
6,7,2,3,POS
0,1,2,3,NEU	4,5,6,8,POS
7,8,6,7,POS	10,11,9,10,POS	16,17,15,16,POS
10,11,13,14,POS	3,4,4,8,POS
1,2,3,4,POS	6,7,8,9,POS	13,14,12,13,POS
13,14,16,17,POS
16,18,22,23,NEG
1,2,0,1,POS	3,7,0,1,POS	17,18,13,14,POS	17,18,16,17,POS	23,24,20,21,POS	23,24,22,23,POS	8,10,13,14,POS
4,5,3,4,POS	7,8,6,7,NEU
4,5,7,8,NEG
0,3,4,6,POS
2,3,1,2,POS
0,2,4,5,POS	10,11,13,14,POS	27,28,30,31,POS
4,5,5,6,POS	11,12,14,15,POS
4,5,7,8,POS
3,5,1,3,POS	3,5,6,7,POS
1,3,0,1,POS	4,5,6,9,POS	12,14,16,18,POS	8,9,6,7,NEU
3,4,2,3,POS	10,11,8,10,POS
7,8,4,5,POS	7,8,6,7,POS
0,4,16,17,POS
1,2,4,5,POS	1,2,6,7,POS
0,4,6,7,POS
4,7,22,23,POS
0,1,5,6,POS	11,12,9,10,POS
8,9,10,11,POS	13,14,14,15,POS	13,14,16,17,POS
8,10,7,8,POS
18,19,13,14,POS
1,4,16,17,POS
1,2,0,1,POS	4,5,3,4,POS	8,9,7,8,POS
5,6,8,9,POS
12,14,21,22,NEG
3,5,6,7,POS
9,10,8,9,POS
5,6,2,4,NEG
5,7,17,20,NEG
7,8,1,2,POS
1,2,4,5,POS
6,7,16,17,POS	9,10,16,17,POS	12,13,16,17,POS
1,2,4,5,POS	1,2,7,8,POS
27,28,26,27,POS	32,33,34,35,POS
0,1,2,3,POS	0,1,4,5,POS
0,1,2,3,POS
17,18,15,16,POS
1,3,0,1,POS	5,7,4,5,POS
13,15,12,13,POS
1,2,2,5,POS
2,4,5,6,POS
4,5,14,16,POS
21,22,24,25,NEU	21,22,26,28,NEU	11,12,10,11,NEG
28,29,26,28,POS	31,32,30,31,POS
0,2,0,1,POS	0,2,45,46,POS	6,9,45,46,POS	10,11,45,46,POS	12,13,45,46,POS	14,15,45,46,POS	16,17,45,46,POS	18,19,45,46,POS	20,22,45,46,POS	24,26,45,46,POS	28,30,45,46,POS	31,33,45,46,POS	34,36,45,46,POS	39,40,45,46,POS
1,2,3,4,POS	11,12,13,14,POS	6,7,8,9,POS
2,3,0,1,POS	6,7,11,12,POS	17,18,15,16,POS
6,9,11,12,POS
7,8,6,7,POS	7,8,12,13,POS	7,8,15,16,POS
4,5,3,4,POS
1,2,4,5,POS	1,2,6,7,POS
1,2,3,4,POS
1,2,3,4,NEG	6,7,9,10,NEG
12,13,7,8,POS	12,13,9,10,POS
1,3,11,12,POS	5,8,11,12,POS
9,10,8,9,POS	4,6,8,9,POS
10,11,18,19,POS	12,14,18,19,POS
1,5,6,7,POS
14,15,18,19,NEG
10,12,10,11,POS	19,20,22,23,NEG
1,2,5,6,POS	11,12,5,6,POS
0,1,2,3,POS
6,7,9,10,NEG
5,7,9,10,POS	5,7,11,12,POS
1,2,4,5,POS
1,3,6,7,POS
2,3,8,9,POS
5,7,0,1,POS
15,16,16,17,POS
5,6,4,5,POS	10,11,8,9,POS
5,6,8,9,POS	11,12,13,14,POS
0,1,4,5,POS
7,8,10,11,NEG
5,7,4,5,POS	5,7,8,9,POS
1,2,3,4,POS	7,9,10,13,POS
1,2,3,5,POS	1,2,6,7,POS	4,5,3,4,POS
0,1,3,4,POS
14,15,18,19,POS	7,11,32,33,NEG	42,44,41,42,POS
4,6,3,4,POS	1,2,0,1,POS
7,8,11,12,NEG	15,16,11,12,NEG
9,10,12,13,NEG	30,31,16,17,NEG	22,23,23,25,NEG
6,8,5,6,POS
18,19,17,18,POS
2,3,4,5,POS	8,11,17,18,POS	14,15,13,14,NEU
3,4,1,2,POS
3,6,1,2,POS	3,6,9,10,POS
21,23,25,26,POS
12,13,11,12,POS
5,7,4,5,POS
2,4,0,1,POS	6,7,5,6,POS
1,4,0,1,POS
0,1,2,3,NEU
4,6,1,2,NEU
5,6,2,3,NEG
5,6,3,4,POS	16,21,9,10,POS	22,24,9,10,POS	25,27,9,10,POS	30,31,9,10,POS	32,36,9,10,POS	39,41,9,10,POS
1,2,3,4,NEG	1,2,6,8,NEG	9,10,10,13,NEG
1,2,3,4,POS	9,10,14,15,POS
3,6,0,2,POS
2,3,1,2,POS	6,7,4,5,NEU	8,9,4,5,NEU
1,2,3,4,POS	24,25,17,18,POS
1,2,0,1,POS	11,12,10,11,NEG	11,12,15,16,NEG
1,3,0,1,POS
1,3,22,23,POS	13,14,11,13,POS
1,2,3,4,NEU	6,7,8,9,NEG
1,2,4,5,POS	1,2,8,9,POS	1,2,12,13,POS	1,2,15,16,POS
3,5,2,3,NEG
1,2,4,5,POS
13,14,11,13,NEG
2,3,17,18,POS	7,9,6,7,POS	13,15,12,13,POS
1,2,3,4,POS	6,7,8,9,POS
6,7,5,6,POS
1,2,7,8,NEU	22,23,21,22,NEG
29,30,28,29,POS
3,4,12,13,POS
1,2,3,4,POS	4,6,3,4,POS
5,6,4,5,POS
1,2,3,4,POS	6,7,9,10,POS	6,7,11,12,POS
15,16,11,13,POS	15,16,14,15,POS	17,18,11,13,POS	17,18,14,15,POS
17,18,20,22,POS
17,19,16,17,POS
1,3,4,5,NEG
1,2,3,4,NEU	1,2,5,6,NEU
7,9,11,12,POS
13,14,12,13,POS
0,1,3,4,NEG	0,1,6,7,NEG
6,7,3,4,NEG	8,9,3,4,NEG
5,6,4,5,POS	9,10,8,9,POS
3,4,2,3,POS	3,4,14,15,POS	7,8,6,7,POS	7,8,14,15,POS
1,2,3,4,NEG	1,2,5,6,NEG
1,2,0,1,POS	4,5,3,4,POS
0,1,2,3,POS	0,1,4,5,POS
6,7,5,6,POS	8,9,5,6,POS	13,14,11,13,POS
11,13,11,12,POS	1,5,7,8,POS
8,9,11,12,POS
1,2,5,7,POS	1,2,17,18,POS
1,2,3,5,POS	7,8,8,9,POS
8,9,13,14,POS
1,2,0,1,POS
1,3,11,12,NEU	4,6,11,12,NEU
0,1,2,3,NEU	4,6,7,8,NEG	10,11,12,13,NEG
1,2,5,6,POS	1,2,7,8,POS	1,2,14,15,POS
0,1,2,3,POS	0,1,5,7,POS
0,4,5,6,POS	8,9,9,10,POS	8,9,11,12,POS	15,16,16,17,POS	15,16,18,19,POS
2,3,5,6,POS	2,3,7,8,POS	2,3,9,10,POS
5,7,4,5,NEG
1,2,3,4,POS	6,7,3,4,POS	10,11,12,14,NEG
38,39,52,53,NEG	15,17,7,8,NEG
1,2,3,4,NEG	1,2,5,7,NEG	9,10,11,12,NEU	19,21,23,24,NEG
18,19,16,17,POS	4,5,16,19,POS
3,4,5,6,POS
3,4,6,7,NEG
0,1,4,5,POS
1,4,16,17,POS	10,12,9,10,POS
6,8,0,1,POS	9,11,0,1,POS	12,14,0,1,POS
4,5,3,4,POS
3,4,10,11,POS	13,14,15,16,POS
1,4,8,9,NEU
7,9,6,7,POS	13,14,14,19,NEG
0,1,3,4,POS	5,6,7,8,POS
2,3,6,7,NEG
17,18,15,16,NEG
1,2,0,1,NEG	4,5,3,4,NEU
5,6,11,12,NEG
2,3,0,2,POS	8,9,4,5,POS	8,9,7,8,POS
13,14,12,13,POS	16,17,15,16,POS
23,24,22,23,NEU
1,2,3,4,POS
8,10,7,8,POS	13,14,12,13,POS
12,14,11,12,POS
9,10,11,13,NEG
6,7,3,4,POS	6,7,5,6,POS
22,23,17,18,POS
6,8,4,5,POS
0,2,4,5,POS
1,2,4,5,POS	1,2,6,7,POS
2,4,1,2,POS
6,8,5,6,POS	12,13,11,12,POS
1,2,0,1,POS	7,8,6,7,POS
1,2,4,5,NEG	18,19,17,18,POS
1,3,0,1,POS	5,6,4,5,POS	8,9,7,8,POS	14,15,11,12,POS	14,15,13,14,POS
1,2,0,1,NEG	3,4,4,5,NEU
6,9,3,4,POS
1,2,4,5,POS
4,5,2,3,NEU	11,12,8,10,NEU
1,3,10,11,NEG	1,3,14,15,NEG
3,4,8,9,POS
18,20,29,30,POS	22,23,29,30,POS	25,26,29,30,POS
2,4,18,19,POS
3,6,9,10,POS
17,18,5,6,POS	17,18,7,8,POS	17,18,9,13,POS	17,18,15,16,POS
8,9,7,8,POS	13,14,12,13,POS	11,12,12,13,POS
0,1,2,3,POS
1,2,0,1,NEG
3,6,0,2,POS	3,6,9,10,POS	10,11,9,10,POS	14,18,32,34,POS
1,2,3,4,POS	8,10,11,12,POS
1,2,4,5,NEG
1,2,0,1,POS	7,8,4,5,POS	7,8,6,7,POS
0,1,3,4,POS
29,30,32,33,NEG	6,7,1,2,NEU
1,2,3,4,POS	1,2,5,6,POS
1,2,3,4,POS	8,10,6,7,POS
6,8,5,6,POS	1,4,0,1,POS
1,2,4,5,NEG
3,5,14,15,POS	3,5,17,18,POS	7,8,14,15,POS	7,8,17,18,POS	11,12,14,15,POS	11,12,17,18,POS
1,2,0,1,POS
2,4,1,2,NEG
0,1,4,5,NEG
0,1,6,7,NEG
1,2,3,4,POS
5,7,15,16,POS
18,19,25,26,NEG	18,19,29,30,NEG
1,3,5,6,POS
1,2,4,5,NEU	7,9,11,12,NEG
3,4,5,6,POS
15,17,18,19,POS
5,6,2,4,NEG
6,7,5,6,POS	9,10,12,13,POS	14,15,16,17,POS
4,5,3,4,POS
1,3,6,7,POS
21,23,20,21,NEU
2,4,0,1,POS	2,4,16,17,POS	10,12,16,17,POS
1,2,2,7,NEG
1,2,5,6,POS
10,12,9,10,POS
9,10,8,9,POS
1,2,11,12,POS	9,10,11,12,POS	14,15,11,12,POS
6,8,2,3,NEG
1,2,3,4,NEU
6,7,15,16,POS	9,10,15,16,POS	12,13,15,16,POS
1,2,3,4,POS	1,2,5,6,POS	1,2,7,8,POS	1,2,12,13,POS
6,9,5,6,POS
5,7,2,3,NEG	10,13,2,3,NEU
0,1,4,5,NEG	0,1,9,10,NEG	2,3,4,5,NEG	2,3,9,10,NEG
1,2,0,1,POS	3,4,0,1,POS
0,1,2,3,POS	7,8,2,3,POS	9,10,12,13,POS	15,17,12,13,POS
7,8,5,6,POS
4,5,3,4,POS	6,8,3,4,POS	11,13,3,4,POS
17,19,22,23,NEU	17,19,24,26,NEU
1,2,0,1,POS
30,31,29,30,POS
9,10,10,11,NEG	9,10,14,16,NEG
1,3,6,7,POS
2,3,1,2,POS
0,2,0,1,POS	0,2,21,22,POS	24,26,24,25,NEU	3,4,0,1,POS	5,7,21,22,POS	9,20,21,22,POS
7,9,3,4,POS	11,14,16,17,POS
11,13,19,20,POS
1,2,3,4,POS	6,7,5,6,POS	10,11,8,10,POS
4,6,0,1,POS	4,6,3,4,POS	10,14,17,18,POS
1,2,4,5,POS	7,8,9,10,POS	7,8,11,12,POS
0,1,2,4,POS
1,2,4,5,NEG	6,8,4,5,NEU	22,25,20,22,NEU
6,9,3,5,POS
4,6,3,4,POS
21,22,30,31,NEG
1,2,3,4,POS	1,2,7,8,POS
6,10,3,4,POS
5,7,10,11,POS	5,7,15,16,POS	18,19,21,22,POS
5,6,4,5,POS	10,11,9,10,POS
1,2,4,5,POS	10,11,9,10,POS
1,4,6,7,POS
1,2,3,4,POS	8,9,7,8,NEG	8,9,10,11,NEG
4,5,3,4,POS	7,8,6,7,POS	11,12,10,11,POS
1,3,4,5,NEG	1,3,6,7,NEG	9,11,12,13,NEG	9,11,15,16,NEG	18,19,21,22,NEG	25,26,28,29,NEG
5,9,15,16,POS
3,5,2,3,POS	3,5,10,11,POS
1,2,3,4,POS	8,9,3,4,POS
1,2,3,4,POS	19,20,18,19,POS
1,2,3,4,POS	9,10,3,4,NEU	12,13,3,4,NEU	15,16,3,4,NEU
22,23,19,20,POS	22,23,21,22,POS	1,2,5,6,NEG
1,2,3,4,POS
1,2,0,1,POS	4,5,3,4,POS
2,3,0,2,POS	2,3,4,6,POS	2,3,7,9,POS	8,9,7,8,POS
1,2,0,1,NEG
4,5,7,8,NEG
2,3,0,1,POS
0,2,3,7,POS
1,2,0,1,POS
5,6,8,9,POS	11,12,10,11,POS
1,3,8,9,NEG	16,18,15,16,NEG	34,35,32,34,NEG
1,2,4,5,POS
9,13,13,16,POS	1,2,3,7,POS
7,8,4,5,POS	24,26,20,21,POS	27,28,20,21,POS	36,37,34,36,POS
1,2,4,5,POS
4,6,2,3,POS
1,2,4,6,POS	7,9,10,12,POS
3,4,2,3,POS	9,10,6,7,POS	9,10,8,9,POS
2,3,5,6,POS	2,3,7,8,POS
3,4,8,9,NEG	5,6,8,9,NEG
4,6,2,3,POS
2,3,5,6,POS
11,12,14,15,POS
8,9,10,11,POS
1,2,3,4,NEG	1,2,6,8,NEG
3,4,2,3,POS
1,3,0,1,POS	1,3,5,6,POS
1,2,3,4,POS	7,8,9,10,NEG	12,13,14,15,NEG
1,2,4,5,POS	1,2,6,7,POS	10,11,12,13,POS
11,12,8,9,POS	11,12,10,11,POS
3,5,11,12,NEG
14,15,12,13,POS	17,18,20,21,POS	23,24,26,27,POS
8,9,2,5,NEG
3,5,1,2,POS	14,15,1,2,POS	6,10,1,2,POS
3,4,8,10,NEG	6,7,8,10,NEG
1,2,4,5,POS	6,8,4,5,POS	10,12,12,13,POS
2,4,1,2,POS
2,3,21,22,NEG	22,23,21,22,NEG	25,26,24,25,NEG
9,11,7,8,POS	12,13,7,8,POS	14,15,18,19,NEG
20,22,3,4,NEG
1,2,3,4,POS	1,2,5,6,POS
5,7,9,10,POS	5,7,11,12,POS
11,12,13,14,POS	21,23,25,26,POS
23,24,22,23,POS
0,2,3,4,NEG	0,2,5,7,NEG
4,16,3,4,POS
1,2,6,7,POS	3,4,6,7,POS
19,20,22,23,POS
4,6,3,4,POS	10,12,9,10,POS	21,23,18,19,POS	24,26,18,19,POS	30,32,28,29,POS
3,6,7,8,NEG	3,6,10,11,NEG	29,32,28,29,NEG	29,32,36,37,NEG	37,38,36,37,NEG
6,7,5,6,POS	10,11,9,10,POS	16,17,12,15,NEG
0,1,12,14,POS	2,3,12,14,POS	4,5,12,14,POS	8,10,12,14,POS
1,3,7,8,POS	4,5,7,8,POS
10,11,7,8,POS
5,6,8,9,POS
17,19,16,17,POS
10,13,15,16,NEG
10,11,9,10,NEG
1,2,0,1,POS
1,2,4,5,POS
1,2,3,4,POS	6,7,8,9,POS
2,4,5,6,POS	16,18,9,10,POS
0,5,6,7,POS
7,8,4,5,POS	7,8,6,7,POS
1,2,14,15,POS	1,2,19,20,POS
19,21,18,19,POS
8,9,2,3,POS
0,3,5,6,POS
1,2,12,13,POS	3,5,12,13,POS
0,1,4,5,NEU	0,1,8,9,NEU	15,16,16,20,NEU
3,4,5,6,POS
1,2,3,4,NEG
1,3,0,1,POS
7,8,11,12,POS	15,16,4,5,POS
11,12,10,11,POS	13,14,10,11,POS	5,6,4,5,POS	17,18,15,16,POS
3,4,1,3,NEG
1,2,0,1,POS	3,5,0,1,POS	6,8,0,1,POS
1,2,4,5,NEG
3,5,1,2,POS	6,8,1,2,POS	10,12,1,2,POS	15,19,1,2,POS
1,2,4,5,POS	13,14,12,13,POS
1,3,4,5,NEU
18,19,20,21,POS	23,24,27,28,POS
1,3,5,6,POS
3,4,2,3,POS	11,12,10,11,POS
7,9,13,17,NEG
1,2,5,8,NEG
7,9,4,5,POS
16,17,14,16,NEG
1,2,3,4,POS	14,15,17,18,POS
2,4,1,2,POS
1,2,7,8,POS	3,4,7,8,POS
6,8,12,13,NEG
26,27,28,29,NEG	26,27,31,32,NEG	26,27,35,36,NEG
1,2,4,5,POS	1,2,11,12,POS
14,15,13,14,POS	11,12,9,11,POS
5,6,4,5,POS	1,2,0,1,POS
12,14,11,12,POS
2,3,5,6,POS
10,11,30,31,POS	4,5,30,31,POS
1,2,0,1,POS	4,5,3,4,POS	10,11,8,10,POS	12,13,8,10,POS
1,2,5,6,POS	22,24,26,27,NEU
3,5,2,3,POS	9,10,6,7,POS	9,10,8,9,POS
1,2,4,5,NEU	1,2,7,9,NEU
4,5,2,4,POS	10,11,9,10,POS
1,2,0,1,POS	5,7,9,10,POS
8,9,7,8,NEG	11,12,10,11,NEG
3,4,42,43,NEG
7,9,10,11,POS	5,6,10,11,POS
1,2,0,1,POS
10,11,9,10,POS
7,8,6,7,POS
5,7,10,12,POS	5,7,13,14,POS
6,7,10,11,POS	6,7,12,13,POS
15,17,11,12,POS
3,4,1,2,POS	7,9,1,2,POS
1,3,4,5,POS	8,9,10,13,NEG
1,2,0,1,POS	4,5,3,4,POS	7,8,6,7,POS
5,8,2,3,NEG
1,2,3,4,POS
6,7,12,13,NEG
1,2,4,5,POS
0,2,3,5,POS	0,2,7,8,POS
4,6,11,12,NEU
1,2,5,6,POS	8,10,7,8,POS	11,12,7,8,POS	15,16,19,20,NEG
12,13,11,12,POS	15,17,14,15,POS
1,4,0,1,POS
9,10,8,9,POS	18,19,12,13,POS
11,12,1,2,POS	11,12,3,4,POS	11,12,5,6,POS	16,17,1,2,POS	16,17,18,19,POS	16,17,20,21,POS
1,2,4,5,POS	1,2,6,7,POS
3,4,1,2,NEU
6,7,5,6,POS	9,10,8,9,NEG
1,2,0,1,POS	4,5,3,4,POS	8,9,5,6,POS	8,9,7,8,POS
1,2,3,4,POS	9,11,8,9,POS
8,9,7,8,NEG
1,2,4,6,POS	8,9,7,8,POS	12,13,10,12,POS	11,12,10,11,POS
1,2,3,4,NEG	1,2,6,7,NEG
3,4,4,7,NEG	3,4,12,18,NEG
0,1,3,4,POS
7,8,11,12,POS
1,2,4,5,POS	16,17,19,20,POS
1,3,6,7,POS
1,2,3,4,POS
6,7,5,6,POS	10,12,13,14,POS
11,12,13,15,NEG
13,14,15,16,POS	13,14,18,19,POS	20,23,24,25,POS	30,31,29,30,POS
6,7,10,11,POS
18,20,17,18,POS
0,1,4,5,POS
1,3,6,8,NEU	1,3,10,15,NEU
1,2,0,1,POS
21,22,23,24,POS	36,38,33,34,POS	39,40,33,34,POS	26,27,28,30,POS
21,22,20,21,POS
3,4,10,11,POS	3,4,12,14,POS
3,6,8,9,POS	12,13,14,15,POS	12,13,20,21,POS
7,8,1,5,POS
1,2,4,5,NEU
15,17,14,15,POS
1,2,0,1,NEG
1,2,3,4,NEG
2,4,13,14,POS	2,4,17,18,POS	5,8,13,14,POS	5,8,17,18,POS	23,29,25,26,POS
6,7,5,6,POS	25,27,23,24,POS	35,36,34,35,POS	38,39,37,38,POS
1,2,3,4,POS	1,2,5,6,POS	16,18,21,22,POS
5,7,4,5,POS	2,3,1,2,POS
0,2,4,5,POS	0,2,6,7,POS
16,17,12,13,POS	16,17,15,16,POS
3,4,1,2,POS	5,6,1,2,POS	8,9,1,2,POS
1,2,0,1,POS	4,6,3,4,POS	7,8,9,10,POS
2,3,1,2,POS	2,3,5,6,POS
14,15,18,19,NEG
5,7,2,3,POS	5,7,10,11,POS	5,7,12,13,POS	5,7,15,16,POS
1,2,3,4,POS	1,2,5,6,POS
3,6,13,14,POS
5,6,4,5,POS
1,2,3,4,POS	6,7,7,8,POS	11,12,13,14,POS
15,19,22,23,POS
1,2,0,1,POS
14,15,16,17,NEG	14,15,18,19,NEG	5,6,8,9,NEG
1,4,6,8,POS
8,9,2,3,POS
1,2,5,6,POS
1,3,4,5,POS	7,8,6,7,POS
3,4,2,3,NEU
1,2,3,5,POS	7,8,9,10,POS	13,14,15,16,POS
3,6,1,2,POS	7,9,1,2,POS	10,12,1,2,POS
7,8,6,7,POS	7,8,9,10,POS	7,8,11,12,POS	14,17,13,14,POS
9,11,8,9,POS
1,2,3,4,POS	1,2,5,6,POS
0,1,2,4,NEG	5,6,6,10,NEG
1,2,3,4,POS
1,3,0,1,POS
11,12,9,10,POS	11,12,13,14,POS
0,1,2,3,NEU	0,1,4,6,NEU
10,12,12,13,NEG
1,2,5,6,POS	12,13,14,15,NEG
3,4,4,6,NEG
1,2,0,1,POS	4,5,3,4,POS	8,9,7,8,POS
1,2,3,4,POS
5,7,2,3,NEG
5,8,4,5,POS	15,18,4,5,NEU
1,2,3,4,POS
7,8,6,7,NEG
0,1,2,3,POS	4,5,7,8,POS
10,11,8,9,POS
1,2,0,1,POS	4,5,3,4,POS
4,5,2,3,NEU	7,8,2,3,NEU
0,1,2,12,NEU
1,3,0,1,POS
18,19,17,18,POS	30,32,40,41,POS	34,36,40,41,POS
16,19,22,23,POS
3,7,8,9,POS
4,5,6,7,POS	16,17,12,13,POS	16,17,15,16,POS
1,2,0,1,POS	10,11,9,10,POS
1,3,6,7,POS	1,3,9,11,POS	4,5,6,7,POS	4,5,9,11,POS
12,13,2,3,NEG
20,21,24,25,POS	3,5,2,3,POS
13,14,10,13,NEG
7,8,6,7,NEU
5,6,1,2,POS
4,5,2,3,POS
1,2,5,6,POS
2,3,1,2,POS
1,5,0,1,POS
2,4,5,6,POS	8,9,10,14,POS
3,5,10,11,POS
9,10,6,7,NEU
6,7,8,10,NEG	1,2,3,4,NEU
24,25,12,13,NEG
1,2,4,5,POS	1,2,6,7,POS	9,10,12,13,POS
11,12,13,14,NEG
13,14,30,31,POS	17,19,30,31,POS	23,28,30,31,POS
8,9,5,6,NEG	8,9,7,8,NEG
3,5,7,8,POS
1,4,5,6,POS
1,2,0,1,POS
5,8,11,12,NEU
1,3,5,6,POS	1,3,7,8,POS
2,3,5,7,POS	2,3,9,10,POS
3,4,2,3,NEG	10,11,12,14,NEG
0,1,3,4,POS
1,2,3,4,POS
6,7,3,4,POS	6,7,5,6,POS	11,13,8,9,NEU	11,13,10,11,NEU	15,19,8,9,NEU	15,19,10,11,NEU	20,24,8,9,NEU	20,24,10,11,NEU	25,29,8,9,NEU	25,29,10,11,NEU	30,35,8,9,NEU	30,35,10,11,NEU	37,44,8,9,NEU	37,44,10,11,NEU
4,5,1,2,POS	7,8,1,2,POS
2,3,6,7,POS	4,5,6,7,POS	9,10,12,18,NEG	11,12,12,18,NEG
1,2,3,4,POS
5,6,7,8,NEG
5,6,2,3,POS
3,4,10,12,POS	6,7,10,12,POS
1,2,3,4,NEU	1,2,5,7,NEU
12,13,9,12,POS	15,16,14,15,POS
16,17,13,14,POS	16,17,15,16,POS
8,11,2,3,POS
4,6,1,2,NEG
4,5,2,3,POS	6,7,2,3,POS	8,9,2,3,POS	10,11,2,3,POS
1,2,0,1,POS
6,12,5,6,POS
1,2,4,5,POS
9,10,6,7,NEG	2,3,1,2,POS
30,31,29,30,NEG	33,35,29,30,NEG
4,5,3,4,POS
1,2,4,5,NEG	7,8,8,13,NEG
5,6,4,5,POS
1,3,4,5,NEG	1,3,6,7,NEG
0,1,2,3,NEU
3,5,8,10,NEG	10,11,8,10,NEU	16,18,8,10,NEG
0,1,3,4,NEG
2,4,7,8,POS
10,11,7,8,NEG
1,3,0,1,POS
2,3,6,7,POS
0,1,2,3,POS	4,5,6,7,POS	8,10,13,14,NEG
2,3,4,6,NEG
5,6,1,2,POS	5,6,4,5,POS
13,14,10,11,POS	13,14,12,13,POS	16,17,20,21,POS
1,2,4,5,POS	16,17,20,21,POS	16,17,22,23,POS
0,1,12,13,POS
12,13,11,12,POS
7,8,6,7,POS	13,14,14,19,NEG	0,1,3,4,POS
6,9,2,3,NEG
2,4,0,1,POS
13,14,12,13,NEG	15,16,12,13,NEG
1,2,4,5,NEG
2,7,10,11,POS
2,3,1,2,POS	13,14,12,13,POS	15,16,12,13,POS
5,6,9,10,POS
31,32,36,37,POS	31,32,38,40,POS	33,34,36,37,POS	33,34,38,40,POS
6,10,3,4,POS
1,5,7,8,POS
11,13,1,2,NEG
3,4,15,16,NEU
2,3,0,1,NEG	2,3,8,9,NEG
2,3,6,7,POS
1,2,3,4,NEG
1,3,7,8,POS
3,5,5,7,NEG
8,9,6,7,NEG
9,10,8,9,POS	12,13,11,12,POS
1,2,3,4,POS	6,7,8,9,POS	15,16,17,18,POS
1,2,3,4,POS	7,8,3,4,POS	13,16,17,18,NEG
1,3,4,5,POS
0,1,2,3,NEU	0,1,4,6,NEU
0,1,2,3,NEG	6,7,8,9,NEG
3,4,5,6,POS
1,2,3,4,POS
1,2,3,4,POS	1,2,5,6,POS	1,2,7,8,POS	1,2,10,11,POS
1,3,0,1,POS
1,3,5,6,POS	1,3,7,8,POS	1,3,10,13,POS
1,3,4,5,POS	14,15,12,14,POS
3,5,2,3,POS
0,1,3,4,NEU
3,4,6,7,NEG
10,11,16,17,POS
3,4,5,6,POS	8,9,10,11,POS	16,18,15,16,POS
2,3,5,6,NEG
1,2,4,5,NEG	12,13,14,15,NEG	17,20,21,22,NEG	27,30,37,38,NEG
1,3,4,5,POS	16,17,18,19,NEG
6,8,5,6,POS
5,6,7,11,NEU
0,1,2,3,POS
1,2,3,5,POS
0,2,3,4,POS
11,15,16,17,NEG
1,6,8,9,NEG	1,6,10,11,NEG
7,8,11,12,NEG
1,2,4,5,POS	1,2,6,8,POS
1,2,5,6,POS	1,2,7,8,POS
7,8,2,5,NEG
17,18,16,17,POS	19,20,16,17,POS
16,19,14,16,NEU
12,13,9,10,POS	12,13,11,12,POS	3,6,1,2,POS
1,4,0,1,POS
8,9,7,8,POS
11,12,10,11,POS
3,4,8,9,POS
4,6,3,4,NEG
1,2,3,4,POS	13,14,15,16,POS	16,17,15,16,POS
16,17,12,13,NEG	20,21,19,20,NEG
9,10,8,9,NEG
5,6,3,4,POS
3,4,2,3,POS	8,9,7,8,POS
1,2,0,1,POS
3,5,0,1,POS	3,5,2,3,POS	3,5,16,19,POS	22,24,25,26,POS
6,8,12,14,NEU
5,6,4,5,POS
12,13,9,10,POS	12,13,11,12,POS
7,8,3,4,POS
4,5,24,25,POS	6,8,24,25,POS	9,12,24,25,POS	14,17,24,25,POS
6,8,4,5,POS	6,8,20,21,POS	10,13,20,21,POS
1,3,0,1,POS
17,18,16,17,POS
1,2,4,5,NEG	1,2,37,38,NEG
8,9,15,16,NEU
8,9,5,6,POS	11,12,5,6,POS
1,3,5,6,POS	9,10,11,12,POS
10,11,12,13,POS	21,22,24,25,POS
7,8,11,12,POS
0,1,2,3,POS
1,2,10,11,POS	1,2,12,13,POS
17,18,6,7,POS
13,14,1,2,NEG	13,14,16,17,NEG
10,11,13,14,POS
22,23,27,29,NEU	24,25,27,29,NEU	34,35,37,38,NEG
4,6,7,8,POS
0,3,4,5,POS	0,3,6,7,POS
22,23,21,22,POS	25,26,24,25,POS	28,29,27,28,POS	32,34,31,32,POS
1,2,5,6,NEG	1,2,8,9,NEG
1,2,3,4,POS	1,2,5,6,POS	1,2,7,8,POS
16,17,18,19,POS	1,2,3,4,NEG	1,2,5,6,NEG	1,2,12,13,NEG
1,2,6,7,POS	3,4,6,7,POS
1,2,0,1,POS	6,7,5,6,POS
4,6,9,10,POS
12,13,11,12,NEG
1,2,0,1,POS
1,3,4,5,NEG	10,11,12,13,NEG
2,3,5,7,NEG	2,3,8,9,NEG	2,3,10,11,NEG
3,4,2,3,POS
6,7,4,5,POS
1,2,3,4,POS	12,14,15,16,POS	23,24,22,23,POS
2,3,4,5,POS
11,12,23,24,NEG
16,17,27,28,POS	16,17,29,30,POS
1,2,3,5,NEG	1,2,7,10,NEG	1,2,12,13,NEG
5,6,4,5,POS	28,30,27,28,POS	10,11,9,10,POS
8,9,12,13,POS
1,2,4,5,POS
9,11,14,15,POS
5,7,12,13,POS
1,3,4,5,POS
5,7,14,15,POS	5,7,16,17,POS	22,26,31,32,POS	40,42,64,65,POS
1,2,0,1,POS	4,5,3,4,POS
1,2,3,4,POS	15,16,17,18,POS
6,7,11,12,NEG
1,3,0,1,POS
2,3,5,6,NEG	22,23,21,22,NEG	24,25,21,22,NEG
3,4,1,2,POS	3,4,8,9,POS	3,4,10,11,POS
9,10,12,13,NEG
3,5,1,2,POS
26,28,25,26,NEG
0,1,2,3,NEU
9,10,10,13,NEG
0,1,5,6,POS	17,18,20,22,POS	2,4,5,6,POS
0,4,6,7,POS
19,20,18,19,POS
10,11,5,6,NEU
25,26,22,23,POS
1,2,3,4,POS	9,11,8,9,POS	15,16,14,15,POS	15,16,19,21,POS
1,2,3,4,POS
1,2,3,4,POS	6,7,8,9,POS	11,12,14,15,POS
5,6,7,9,NEG
1,2,4,5,POS	8,9,10,11,POS
5,6,6,7,NEU
10,11,3,5,POS
3,4,13,14,POS
4,5,3,4,POS
2,3,0,1,POS
1,2,4,5,POS	8,9,10,11,POS	19,20,22,23,POS
15,16,10,11,POS	15,16,12,13,POS	3,4,3,4,NEG
0,1,3,4,NEG
21,25,18,19,NEG
1,2,3,4,POS	6,7,8,9,POS
7,8,11,12,NEG	16,17,14,15,NEG
4,5,3,4,POS	9,10,8,9,POS
1,2,0,1,POS
1,4,5,6,POS	1,4,7,10,POS	1,4,12,15,POS	14,15,12,13,POS
15,16,14,15,NEU
4,5,3,4,POS
4,5,1,2,POS	7,8,6,7,POS	11,12,10,11,POS	16,17,15,16,POS
1,2,16,17,POS	3,4,16,17,POS	5,6,16,17,POS	7,9,16,17,POS	10,11,16,17,POS
7,8,4,5,POS
4,5,6,7,NEG	13,17,12,13,NEG
1,2,4,5,POS	6,8,11,12,POS
3,5,6,7,POS
1,3,5,7,POS
9,10,8,9,POS	11,12,12,14,POS	17,18,16,17,POS
1,2,0,1,POS	4,5,3,4,POS	7,8,10,12,POS
14,15,11,12,POS	17,18,11,12,POS
9,11,8,9,POS	15,16,14,15,POS
1,2,4,5,NEG	1,2,7,11,NEG
9,10,2,6,POS	16,17,18,20,POS	12,13,19,20,POS
7,8,10,11,POS	13,14,15,16,POS	13,14,17,18,POS	13,14,19,20,POS
13,17,11,12,POS	6,10,2,3,POS
7,8,4,7,NEU
1,3,6,7,POS
1,2,0,1,NEU
21,22,18,19,POS
6,7,3,4,NEG
7,9,5,6,POS	15,17,5,6,POS
1,2,0,1,POS
1,3,4,5,POS	14,16,10,11,POS	14,16,13,14,POS
2,3,1,2,NEG	10,11,12,13,NEG	19,22,18,19,NEG
1,2,3,4,POS	6,7,8,9,POS	21,22,23,24,POS	12,13,16,17,POS	15,16,16,17,POS
0,1,6,7,POS	3,4,6,7,POS
1,2,0,1,POS
7,8,15,16,NEG
5,6,8,9,POS	11,12,13,14,POS	11,12,15,16,POS	11,12,21,22,POS
10,11,12,13,POS
0,1,2,3,POS
1,3,11,12,POS	20,21,15,16,NEU
1,2,0,1,NEG
12,15,11,12,POS	12,15,17,18,POS
1,2,0,1,NEG
0,1,1,2,POS
5,6,4,5,POS
19,20,14,15,POS	22,24,14,15,POS
1,2,0,1,NEG
1,2,3,4,POS
1,2,0,1,POS
6,7,10,11,NEG
2,6,1,2,NEU
13,14,12,13,POS
10,11,7,8,NEG
7,11,5,6,POS	7,11,14,15,POS
26,27,25,26,POS
1,2,3,4,POS
1,3,0,1,POS	5,6,4,5,POS	14,15,13,14,POS
1,2,3,4,POS	1,2,5,6,POS
23,24,26,27,POS	23,24,28,29,POS
24,26,28,29,NEG
25,26,23,24,NEG
1,3,4,5,POS	1,3,6,7,POS
1,2,0,1,POS
3,4,6,7,POS	10,12,13,15,NEG	19,21,22,24,NEG
1,3,8,9,NEG
13,15,19,20,POS
4,5,3,4,POS	6,7,7,8,POS	10,11,9,10,POS	1,2,0,1,POS
1,2,3,4,POS	6,7,13,14,POS	10,11,13,14,POS	16,18,19,20,POS
1,2,3,7,POS	9,10,13,14,POS	16,18,13,14,POS	20,24,13,14,POS
1,2,3,4,NEG	9,10,35,36,NEG
11,12,31,34,POS
11,12,10,11,POS
6,8,5,6,POS
7,8,4,5,POS
1,2,5,6,NEG	14,15,11,12,POS
0,1,1,2,POS
14,15,13,14,NEU
8,9,10,11,POS
7,9,17,18,NEU	10,13,17,18,NEU
1,2,5,6,NEG	1,2,7,9,NEG	1,2,10,11,NEG	17,20,21,22,NEG
8,9,7,8,NEG	12,13,11,12,NEG	20,21,16,17,NEU	16,17,11,12,NEG
1,2,3,4,POS	9,10,15,16,NEG
2,3,0,1,POS
8,9,11,14,NEG
4,5,5,6,POS	4,5,12,13,POS
12,13,6,7,POS	12,13,11,12,POS
3,4,2,3,NEG	8,9,7,8,NEG	15,16,14,15,NEG
1,2,4,6,POS
0,1,2,3,POS	8,9,6,7,POS
5,6,4,5,POS
0,1,3,4,POS
1,2,0,1,POS	3,10,0,1,POS	11,19,20,21,POS	26,28,20,21,NEU
1,3,3,6,NEG	9,10,22,25,NEG
1,2,3,4,NEU
11,13,3,4,NEG
1,2,3,4,POS
21,25,26,27,NEG
6,7,1,2,POS
6,7,2,3,POS
13,15,12,13,POS
0,1,3,4,NEG
10,11,12,13,POS	15,16,17,18,NEG
1,2,4,5,POS	12,13,16,17,POS
3,4,0,1,POS	3,4,2,3,POS
1,3,4,5,NEG	14,16,16,21,NEG
3,5,7,8,POS
13,15,9,10,NEG
1,2,3,4,POS	6,7,8,9,NEU
10,12,9,10,POS
17,18,15,17,POS	23,24,22,23,POS
4,10,2,3,POS
0,1,2,3,NEG
3,4,2,3,POS
0,1,3,4,NEU
10,13,3,4,POS
4,5,2,3,POS
1,2,4,5,NEG	1,2,6,7,NEG
1,2,3,4,POS	1,2,5,6,POS	8,9,11,12,POS	17,19,16,17,POS
4,5,3,4,NEG	7,8,6,7,NEG	16,17,15,16,NEG	13,14,12,13,POS
0,2,4,5,POS
19,20,22,23,POS
3,4,1,2,POS
6,7,5,6,NEU	9,10,13,14,NEU	21,23,19,21,POS
8,9,1,2,NEG
1,2,4,6,POS
1,2,3,4,POS	7,9,7,8,POS	17,18,12,13,NEG	17,18,14,15,NEG	17,18,16,17,NEG
1,2,4,5,POS	7,8,4,5,POS
0,1,2,3,POS	0,1,4,5,POS
1,5,7,8,POS
4,5,0,2,POS	4,5,3,4,POS
42,43,41,42,NEG
3,4,8,9,POS	3,4,17,20,POS	11,12,8,9,POS
4,5,6,7,POS
18,19,2,7,NEG
1,2,5,6,POS
12,13,11,12,POS	15,16,14,15,POS	19,20,18,19,POS
4,5,3,4,POS	4,5,9,11,POS
1,3,4,5,POS
1,2,7,8,NEU
0,1,8,9,NEU	2,3,8,9,NEU
12,13,4,5,NEU
1,2,3,4,POS	6,9,9,14,POS
3,4,6,7,POS	3,4,9,10,POS
8,9,7,8,NEG
21,22,20,21,NEG
20,21,23,24,NEG
4,7,3,4,POS
3,4,2,3,POS	6,12,2,3,POS	3,4,2,3,POS
2,3,0,2,POS	5,7,4,5,POS
1,2,3,4,POS	6,7,8,9,POS
17,18,11,12,POS	21,22,20,21,POS
10,11,9,10,POS
2,3,0,1,POS	5,6,0,1,POS
3,4,8,9,NEG
0,1,2,3,NEU
10,11,6,10,POS
4,5,3,4,POS
0,1,2,3,POS	7,8,2,3,POS
5,7,16,17,POS
0,1,2,3,POS
0,1,8,9,POS
2,4,0,1,POS
0,1,5,6,NEG
5,10,17,18,NEG
17,18,16,17,POS
1,2,3,4,NEG
3,4,0,2,POS	10,11,6,8,NEG
2,3,5,6,POS	2,3,9,10,POS
25,26,13,14,POS	28,29,13,14,POS
3,4,0,1,POS	3,4,2,3,POS	16,18,5,6,NEU
7,8,11,12,NEU
8,9,12,13,POS
3,5,2,3,POS
14,15,13,14,NEU	16,17,13,14,NEU
1,2,4,5,POS
1,3,4,5,NEG	20,22,18,19,NEU
2,3,3,4,POS	2,3,5,6,POS
4,5,3,4,POS
6,7,1,2,POS	6,7,9,10,POS	6,7,13,14,POS
1,2,3,4,NEU
1,3,4,5,NEU	1,3,7,9,NEU
8,9,5,6,POS	8,9,7,8,POS
5,6,4,5,NEG	15,16,14,15,NEG
1,2,3,4,POS
1,2,4,5,NEG	6,7,8,10,NEU	20,21,22,23,NEG
4,6,1,2,NEG
6,10,2,3,POS	14,15,16,18,POS
3,4,10,12,POS	5,7,10,12,POS
11,14,10,11,POS
1,2,3,4,POS
1,2,3,4,POS	7,8,9,10,POS
2,3,0,1,POS	2,3,5,6,POS
29,30,26,27,POS	29,30,28,29,POS
11,12,13,14,NEU	4,8,2,3,NEU
0,1,2,3,NEG	5,6,6,11,NEG
10,11,13,14,NEG	12,13,13,14,NEG
1,4,5,6,POS	1,4,7,8,POS	13,14,12,13,POS
2,4,0,1,POS	2,4,7,8,POS	2,4,13,14,POS	10,11,13,14,POS
3,4,5,6,POS
1,2,4,5,POS
1,2,4,5,NEG
4,5,2,3,NEG	22,24,27,28,NEG
15,16,12,13,POS	15,16,14,15,POS	15,16,19,20,POS
1,3,4,5,NEG
4,5,3,4,POS	7,8,6,7,POS
4,6,3,4,POS	11,12,9,10,POS
1,2,3,4,POS
10,14,7,8,NEG
5,7,8,9,POS	13,14,16,17,POS
0,1,3,4,NEU
1,2,3,5,NEG	6,7,3,5,NEG
9,10,12,13,POS
13,14,16,17,POS
3,8,11,12,POS
8,13,7,8,POS	4,6,3,4,POS	15,17,7,8,POS
